  0.0000000000000000  1.0471975511965976  0.0000000000000000  0.0000000000000000
  0.0100000000000000  1.0471975511965976 -0.0566380614075023 -0.0004904999999999
  0.0200000000000000  1.0466311705825226 -0.1132761228150046 -0.0009811604459442
  0.0300000000000000  1.0454984093543727 -0.1698956544930401 -0.0014719821767804
  0.0400000000000000  1.0437994528094423 -0.2264780722296645 -0.0019629677594708
  0.0500000000000000  1.0415346720871457 -0.2830046890321641 -0.0024541224226045
  0.0600000000000000  1.0387046251968239 -0.3394566671445886 -0.0029454549758459
  0.0700000000000000  1.0353100585253781 -0.3958149705770005 -0.0034369787089610
  0.0800000000000000  1.0313519088196081 -0.4520603183438864 -0.0039287122640999
  0.0900000000000000  1.0268313056361693 -0.5081731386111659 -0.0044206804749405
  0.1000000000000000  1.0217495742500577 -0.5641335239536234 -0.0049129151662368
  0.1100000000000000  1.0161082390105216 -0.6199211879273002 -0.0054054559072150
  0.1200000000000000  1.0099090271312485 -0.6755154231643543 -0.0058983507122088
  0.1300000000000000  1.0031538728996050 -0.7308950612010289 -0.0063916566818460
  0.1400000000000000  0.9958449222875947 -0.7860384342525625 -0.0068854405780543
  0.1500000000000000  0.9879845379450690 -0.8409233391520105 -0.0073797793261297
  0.1600000000000000  0.9795753045535489 -0.8955270036728997 -0.0078747604371356
  0.1700000000000000  0.9706200345168199 -0.9498260554582642 -0.0083704823439255
  0.1800000000000000  0.9611217739622372 -1.0037964937807580 -0.0088670546442224
  0.1900000000000000  0.9510838090244296 -1.0574136643600551 -0.0093645982443313
  0.2000000000000000  0.9405096723808291 -1.1106522374644410 -0.0098632453973071
  0.2100000000000000  0.9294031500061847 -1.1634861895232218 -0.0103631396297299
  0.2200000000000000  0.9177682881109525 -1.2158887884751173 -0.0108644355516461
  0.2300000000000000  0.9056094002262013 -1.2678325830749886 -0.0113672985447384
  0.2400000000000000  0.8929310743954514 -1.3192893963768977 -0.0118719043244304
  0.2500000000000000  0.8797381804316824 -1.3702303236053988 -0.0123784383723426
  0.2600000000000000  0.8660358771956284 -1.4206257346189579 -0.0128870952363909
  0.2700000000000000  0.8518296198494387 -1.4704452811592950 -0.0133980776967944
  0.2800000000000000  0.8371251670378458 -1.5196579090680884 -0.0139115957973632
  0.2900000000000000  0.8219285879471649 -1.5682318756377214 -0.0144278657426753
  0.3000000000000000  0.8062462691907877 -1.6161347722454451 -0.0149471086631079
  0.3100000000000000  0.7900849214683332 -1.6633335524003878 -0.0154695492511512
  0.3200000000000000  0.7734515859443293 -1.7097945653101589 -0.0159954142740317
  0.3300000000000000  0.7563536402912276 -1.7554835950483316 -0.0165249309693138
  0.3400000000000000  0.7387988043407443 -1.8003659053758334 -0.0170583253319396
  0.3500000000000000  0.7207951452869860 -1.8444062902382343 -0.0175958203029314
  0.3600000000000000  0.7023510823846036 -1.8875691299271813 -0.0181376338718628
  0.3700000000000000  0.6834753910853318 -1.9298184528578877 -0.0186839771070211
  0.3800000000000000  0.6641772065567529 -1.9711180028758186 -0.0192350521290279
  0.3900000000000000  0.6444660265279948 -2.0114313119647260 -0.0197910500454432
  0.4000000000000000  0.6243517134083475 -2.0507217781852538 -0.0203521488655432
  0.4100000000000000  0.6038444956264950 -2.0889527486287793 -0.0209185114160140
  0.4200000000000000  0.5829549681402072 -2.1260876071253563 -0.0214902832796571
  0.4300000000000000  0.5616940920689536 -2.1620898663980075 -0.0220675907803609
  0.4400000000000000  0.5400731934049735 -2.1969232643086776 -0.0226505390384939
  0.4500000000000000  0.5181039607618867 -2.2305518637943935 -0.0232392101214831
  0.4600000000000000  0.4957984421239428 -2.2629401560462061 -0.0238336613146251
  0.4700000000000000  0.4731690405634807 -2.2940531664388670 -0.0244339235371112
  0.4800000000000000  0.4502285088990921 -2.3238565626765735 -0.0250399999277766
  0.4900000000000000  0.4269899432723263 -2.3523167645801522 -0.0256518646242296
  0.5000000000000000  0.4034667756265248 -2.3794010549043874 -0.0262694617577366
  0.5100000000000000  0.3796727650774809 -2.4050776905414808 -0.0268927046845131
  0.5200000000000000  0.3556219881720661 -2.4293160134385232 -0.0275214754719677
  0.5300000000000000  0.3313288280376808 -2.4520865605339246 -0.0281556246558794
  0.5400000000000000  0.3068079624323416 -2.4733611720005890 -0.0287949712815878
  0.5500000000000000  0.2820743507123357 -2.4931130970727318 -0.0294393032389859
  0.5600000000000001  0.2571432197416084 -2.5113170967290448 -0.0300883778975192
  0.5700000000000001  0.2320300487743180 -2.5279495425078089 -0.0307419230435551
  0.5800000000000000  0.2067505533492399 -2.5429885107397769 -0.0313996381184409
  0.5900000000000000  0.1813206682418421 -2.5564138715023890 -0.0320611957513992
  0.6000000000000000  0.1557565295268182 -2.5682073716241800 -0.0327262435771893
  0.6100000000000000  0.1300744558105764 -2.5783527111010596 -0.0333944063242635
  0.6200000000000000  0.1042909286995658 -2.5868356123262957 -0.0340652881550625
  0.6300000000000000  0.0784225725763029 -2.5936438815832252 -0.0347384752361899
  0.6400000000000000  0.0524861337604706 -2.5987674623035377 -0.0354135385125942
  0.6500000000000000  0.0264984591374352 -2.6021984796539011 -0.0360900366565915
  0.6600000000000000  0.0004764743408962 -2.6039312760790785 -0.0367675191597228
  0.6700000000000000 -0.0255628384198946 -2.6039624374997938 -0.0374455295330702
  0.6800000000000000 -0.0516024627948925 -2.6022908099376112 -0.0381236085798049
  0.6900000000000001 -0.0776253708942686 -2.5989175064161087 -0.0388012977025196
  0.7000000000000001 -0.1036145459584297 -2.5938459040666939 -0.0394781422072290
  0.7100000000000000 -0.1295530049990966 -2.5870816314475178 -0.0401536945659260
  0.7200000000000000 -0.1554238213135718 -2.5786325461641093 -0.0408275176001873
  0.7300000000000000 -0.1812101467752129 -2.5685087029595244 -0.0414991875495532
  0.7400000000000000 -0.2068952338048081 -2.5567223125189931 -0.0421682969902275
  0.7500000000000000 -0.2324624569299981 -2.5432876913082891 -0.0428344575720039
  0.7600000000000000 -0.2578953338430810 -2.5282212028354070 -0.0434973025442145
  0.7700000000000000 -0.2831775458714351 -2.5115411907907919 -0.0441564890447605
  0.7800000000000000 -0.3082929577793430 -2.4932679045815394 -0.0448117001299995
  0.7900000000000000 -0.3332256368251584 -2.4734234178290149 -0.0454626465271806
  0.8000000000000000 -0.3579598710034485 -2.4520315404466819 -0.0461090680953078
  0.8100000000000001 -0.3824801864079153 -2.4291177249551188 -0.0467507349845822
  0.8200000000000001 -0.4067713636574665 -2.4047089677239351 -0.0473874484888919
  0.8300000000000001 -0.4308184533347059 -2.3788337058553752 -0.0480190415901085
  0.8400000000000000 -0.4546067903932596 -2.3515217104417285 -0.0486453791970791
  0.8500000000000000 -0.4781220074976769 -2.3228039769383080 -0.0492663580861759
  0.8600000000000000 -0.5013500472670600 -2.2927126133958708 -0.0498819065539491
  0.8700000000000000 -0.5242771734010188 -2.2612807272911843 -0.0504919837958100
  0.8800000000000000 -0.5468899806739306 -2.2285423116823777 -0.0510965790276801
  0.8900000000000000 -0.5691754037907544 -2.1945321313971733 -0.0516957103701678
  0.9000000000000000 -0.5911207251047261 -2.1592856099376241 -0.0522894235170059
  0.9100000000000000 -0.6127135812041024 -2.1228387177551342 -0.0528777902112467
  0.9200000000000000 -0.6339419683816537 -2.0852278625149778 -0.0534609065540077
  0.9300000000000000 -0.6547942470068036 -2.0464897819308745 -0.0540388911714271
  0.9400000000000001 -0.6752591448261123 -2.0066614397081497 -0.0546118832659228
  0.9500000000000001 -0.6953257592231937 -1.9657799250892543 -0.0551800405778828
  0.9600000000000000 -0.7149835584740862 -1.9238823564486509 -0.0557435372835615
  0.9700000000000000 -0.7342223820385727 -1.8810057893359384 -0.0563025618542796
  0.9800000000000000 -0.7530324399319321 -1.8371871293172226 -0.0568573149010139
  0.9900000000000000 -0.7714043112251043 -1.7924630499157570 -0.0574080070272081
  1.0000000000000000 -0.7893289417242619 -1.7468699159043222 -0.0579548567111587
  1.0100000000000000 -0.8067976408833052 -1.7004437121541986 -0.0584980882376422
  1.0200000000000000 -0.8238020780048472 -1.6532199781993688 -0.0590379296966788
  1.0300000000000000 -0.8403342777868409 -1.6052337486301635 -0.0595746110653963
  1.0400000000000000 -0.8563866152731425 -1.5565194993882780 -0.0601083623870320
  1.0500000000000000 -0.8719518102670253 -1.5071110999952158 -0.0606394120591136
  1.0600000000000001 -0.8870229212669775 -1.4570417717089859 -0.0611679852409082
  1.0700000000000001 -0.9015933389840673 -1.4063440515694718 -0.0616943023883059
  1.0800000000000001 -0.9156567794997621 -1.3550497622613866 -0.0622185779224476
  1.0900000000000001 -0.9292072771223759 -1.3031899876952346 -0.0627410190366511
  1.1000000000000001 -0.9422391769993282 -1.2507950541812014 -0.0632618246445267
  1.1100000000000001 -0.9547471275411402 -1.1978945170483752 -0.0637811844706364
  1.1200000000000001 -0.9667260727116239 -1.1445171525421096 -0.0642992782836507
  1.1300000000000001 -0.9781712442370450 -1.0906909548155606 -0.0648162752706796
  1.1400000000000001 -0.9890781537852007 -1.0364431378173478 -0.0653323335503306
  1.1500000000000001 -0.9994425851633741 -0.9818001418657618 -0.0658475998210497
  1.1599999999999999 -1.0092605865820317 -0.9267876446907783 -0.0663622091404421
  1.1699999999999999 -1.0185284630289395 -0.8714305767181800 -0.0668762848305589
  1.1799999999999999 -1.0272427687961214 -0.8157531403651203 -0.0673899385035222
  1.1899999999999999 -1.0354003001997727 -0.7597788331132916 -0.0679032702013866
  1.2000000000000000 -1.0429980885309056 -0.7035304741242798 -0.0684163686437596
  1.2100000000000000 -1.0500333932721484 -0.6470302341614762 -0.0689293115764225
  1.2200000000000000 -1.0565036956137632 -0.5902996685838954 -0.0694421662140012
  1.2300000000000000 -1.0624066922996023 -0.5333597531791809 -0.0699549897696228
  1.2400000000000000 -1.0677402898313941 -0.4762309226058022 -0.0704678300644359
  1.2500000000000000 -1.0725025990574522 -0.4189331112177496 -0.0709807262098703
  1.2600000000000000 -1.0766919301696296 -0.3614857960487537 -0.0714937093555588
  1.2700000000000000 -1.0803067881301172 -0.3039080417370195 -0.0720068034959063
  1.2800000000000000 -1.0833458685474873 -0.2462185471755173 -0.0725200263283945
  1.2900000000000000 -1.0858080540192425 -0.1884356936768798 -0.0730333901568065
  1.3000000000000000 -1.0876924109560113 -0.1305775944457770 -0.0735469028326783
  1.3100000000000001 -1.0889981869004690 -0.0726621451551756 -0.0740605687283795
  1.3200000000000001 -1.0897248083520208 -0.0147070754260235 -0.0745743897353386
  1.3300000000000001 -1.0898718791062809  0.0432699989874360 -0.0750883662809949
  1.3400000000000001 -1.0894391791164066  0.1012515235024087 -0.0756024983581498
  1.3500000000000001 -1.0884266638813826  0.1592199516965414 -0.0761167865603991
  1.3600000000000001 -1.0868344643644172  0.2171576921744909 -0.0766312331173884
  1.3700000000000001 -1.0846628874426723  0.2750470555052263 -0.0771458429235863
  1.3800000000000001 -1.0819124168876200  0.3328702014237268 -0.0776606245542655
  1.3900000000000001 -1.0785837148733828  0.3906090864919300 -0.0781755912623010
  1.4000000000000001 -1.0746776240084635  0.4482454124156481 -0.0786907619493351
  1.4099999999999999 -1.0701951698843071  0.5057605752166551 -0.0792061621047333
  1.4199999999999999 -1.0651375641321406  0.5631356154622338 -0.0797218247056444
  1.4299999999999999 -1.0595062079775182  0.6203511697580648 -0.0802377910713530
  1.4399999999999999 -1.0533026962799374  0.6773874237143861 -0.0807541116649597
  1.4500000000000000 -1.0465288220427935  0.7342240665997470 -0.0812708468353012
  1.4600000000000000 -1.0391865813767960  0.7908402479013170 -0.0817880674918836
  1.4700000000000000 -1.0312781788977827  0.8472145360154693 -0.0823058557055081
  1.4800000000000000 -1.0228060335376281  0.9033248792970984 -0.0828243052271691
  1.4900000000000000 -1.0137727847446572  0.9591485697007079 -0.0833435219177721
  1.5000000000000000 -1.0041812990476500  1.0146622092505420 -0.0838636240812249
  1.5100000000000000 -0.9940346769551446  1.0698416795807668 -0.0843847426935160
  1.5200000000000000 -0.9833362601593370  1.1246621147897442 -0.0849070215205363
  1.5300000000000000 -0.9720896390114395  1.1790978778545700 -0.0854306171176267
  1.5400000000000000 -0.9602986602328938  1.2331225408530848 -0.0859556987041497
  1.5500000000000000 -0.9479674348243630  1.2867088692402728 -0.0864824479068178
  1.5600000000000001 -0.9351003461319602  1.3398288104241325 -0.0870110583660477
  1.5700000000000001 -0.9217020580277189  1.3924534868825145 -0.0875417352003054
  1.5800000000000001 -0.9077775231588937  1.4445531940568448 -0.0880746943242072
  1.5900000000000001 -0.8933319912183253  1.4960974032508758 -0.0886101616171011
  1.6000000000000001 -0.8783710171858166  1.5470547697524240 -0.0891483719399886
  1.6100000000000001 -0.8629004694882924  1.5973931463832594 -0.0896895679998717
  1.6200000000000001 -0.8469265380244597  1.6470796026667331 -0.0902339990620697
  1.6300000000000001 -0.8304557419977924  1.6960804497841975 -0.0907819195125854
  1.6400000000000001 -0.8134949374999504  1.7443612714696555 -0.0913335872743295
  1.6500000000000001 -0.7960513247852539  1.7918869609672798 -0.0918892620828442
  1.6600000000000001 -0.7781324551755811  1.8386217641483737 -0.0924492036291387
  1.6699999999999999 -0.7597462375340973  1.8845293288530052 -0.0930136695792871
  1.6799999999999999 -0.7409009442455673  1.9295727604869379 -0.0935829134825905
  1.6899999999999999 -0.7216052166406979  1.9737146838666773 -0.0941571825822674
  1.7000000000000000 -0.7018680698020311  2.0169173112645757 -0.0947367155448333
  1.7100000000000000 -0.6816988966893853  2.0591425165621873 -0.0953217401264816
  1.7200000000000000 -0.6611074715237635  2.1003519153736634 -0.0959124707968970
  1.7300000000000000 -0.6401039523700268  2.1405069509522519 -0.0965091063428904
  1.7400000000000000 -0.6186988828605043  2.1795689856422964 -0.0971118274761122
  1.7500000000000000 -0.5969031930040813  2.2174993975869284 -0.0977207944706846
  1.7600000000000000 -0.5747281990282120  2.2542596823484642 -0.0983361448580067
  1.7700000000000000 -0.5521856022047273  2.2898115590448671 -0.0989579912070233
  1.7800000000000000 -0.5292874866142787  2.3241170805521825 -0.0995864190189892
  1.7900000000000000 -0.5060463158087569  2.3571387472702390 -0.1002214847660698
  1.8000000000000000 -0.4824749283360545  2.3888396238978569 -0.1008632141030290
  1.8100000000000001 -0.4585865320970759  2.4191834586150609 -0.1015116002806793
  1.8200000000000001 -0.4343946975109254  2.4481348040241193 -0.1021666027886989
  1.8300000000000001 -0.4099133494706841  2.4756591391593981 -0.1028281462538756
  1.8400000000000001 -0.3851567580790902  2.5017229918388084 -0.1034961196177338
  1.8500000000000001 -0.3601395281607021  2.5262940605977668 -0.1041703756149346
  1.8600000000000001 -0.3348765875547244  2.5493413354208116 -0.1048507305707485
  1.8700000000000001 -0.3093831742005163  2.5708352164669819 -0.1055369645323607
  1.8800000000000001 -0.2836748220358465  2.5907476299733503 -0.1062288217448202
  1.8900000000000001 -0.2577673457361130  2.6090521405172464 -0.1069260114781005
  1.9000000000000001 -0.2316768243309405  2.6257240588220889 -0.1076282092071315
  1.9100000000000001 -0.2054195837427196  2.6407405443047054 -0.1083350581417886
  1.9199999999999999 -0.1790121782996726  2.6540807015837080 -0.1090461710988639
  1.9299999999999999 -0.1524713712838355  2.6657256701989738 -0.1097611327029748
  1.9399999999999999 -0.1258141145818457  2.6756587068314661 -0.1104795018984079
  1.9500000000000000 -0.0990575275135311  2.6838652593602688 -0.1112008147490515
  1.9600000000000000 -0.0722188749199284  2.6903330321494474 -0.1119245874989885
  1.9700000000000000 -0.0453155445984339  2.6950520420206532 -0.1126503198621069
  1.9800000000000000 -0.0183650241782274  2.6980146644375975 -0.1133774985052969
  1.9900000000000000  0.0086151224661486  2.6992156695048770 -0.1141056006865520
  2.0000000000000000  0.0356072791611974  2.6986522474652133 -0.1148340980066560
  2.0100000000000002  0.0625938016358495  2.6963240234649803 -0.1155624602311558
  2.0200000000000000  0.0895570418704993  2.6922330614468772 -0.1162901591380534
  2.0300000000000002  0.1164793724849681  2.6863838571195795 -0.1170166723461545
  2.0400000000000000  0.1433432110561638  2.6787833200460223 -0.1177414870792224
  2.0499999999999998  0.1701310442566241  2.6694407449834032 -0.1184641038221228
  2.0600000000000001  0.1968254517064581  2.6583677726978570 -0.1191840398268460
  2.0699999999999998  0.2234091294334367  2.6455783405638762 -0.1199008324287518
  2.0800000000000001  0.2498649128390754  2.6310886233418014 -0.1206140421364266
  2.0899999999999999  0.2761757990724935  2.6149169646050487 -0.1213232554622083
  2.1000000000000001  0.3023249687185439  2.5970837993612084 -0.1220280874645634
  2.1099999999999999  0.3282958067121560  2.5776115684768914 -0.1227281839780290
  2.1200000000000001  0.3540719223969249  2.5565246255744936 -0.1234232235112962
  2.1299999999999999  0.3796371686526698  2.5338491371192977 -0.1241129187990271
  2.1400000000000001  0.4049756600238628  2.5096129764570776 -0.1247970179981666
  2.1499999999999999  0.4300717897884336  2.4838456125953106 -0.1254753055246214
  2.1600000000000001  0.4549102459143867  2.4565779945450887 -0.1261476025312305
  2.1699999999999999  0.4794760258598376  2.4278424320558027 -0.1268137670327800
  2.1800000000000002  0.5037544501803956  2.3976724735808266 -0.1274736936883722
  2.1899999999999999  0.5277311749162038  2.3661027823099743 -0.1281273132556686
  2.2000000000000002  0.5513922027393036  2.3331690110938257 -0.1287745917353105
  2.2100000000000000  0.5747238928502418  2.2989076770666230 -0.1294155292271506
  2.2200000000000002  0.5977129696209080  2.2633560367488950 -0.1300501585227414
  2.2300000000000000  0.6203465299883970  2.2265519623789274 -0.1306785434608375
  2.2400000000000002  0.6426120496121863  2.1885338201844102 -0.1313007770744099
  2.2500000000000000  0.6644973878140304  2.1493403512627989 -0.1319169795589159
  2.2600000000000002  0.6859907913266584  2.1090105556919441 -0.1325272960922601
  2.2700000000000000  0.7070808968835779  2.0675835804421685 -0.1331318945370870
  2.2800000000000002  0.7277567326879996  2.0250986116080218 -0.1337309630557904
  2.2900000000000000  0.7480077188040798  1.9815947714232089 -0.1343247076679297
  2.3000000000000003  0.7678236665183119  1.9371110204664150 -0.1349133497786696
  2.3100000000000001  0.7871947767229761  1.8916860654097001 -0.1354971237054547
  2.3199999999999998  0.8061116373770731  1.8453582726054285 -0.1360762742284327
  2.3300000000000001  0.8245652201031274  1.7981655877529972 -0.1366510541882275
  2.3399999999999999  0.8425468759806574  1.7501454618334555 -0.1372217221525593
  2.3500000000000001  0.8600483305989919  1.7013347834489638 -0.1377885401709715
  2.3599999999999999  0.8770616784334815  1.6517698176553350 -0.1383517716346427
  2.3700000000000001  0.8935793766100348  1.6014861513299912 -0.1389116792559055
  2.3799999999999999  0.9095942381233347  1.5505186450748139 -0.1394685231797621
  2.3900000000000001  0.9250994245740829  1.4989013916138001 -0.1400225592374229
  2.3999999999999999  0.9400884384902209  1.4466676806092760 -0.1405740373496647
  2.4100000000000001  0.9545551152963136  1.3938499697877795 -0.1411232000857168
  2.4199999999999999  0.9684936149941914  1.3404798622376020 -0.1416702813814021
  2.4300000000000002  0.9818984136165674  1.2865880897143764 -0.1422155054184335
  2.4399999999999999  0.9947642945137112  1.2322045017689296 -0.1427590856650838
  2.4500000000000002  1.0070863395314005  1.1773580604927778 -0.1433012240769420
  2.4600000000000000  1.0188599201363282  1.1220768406609951 -0.1438421104551366
  2.4700000000000002  1.0300806885429381  1.0663880350395356 -0.1443819219582059
  2.4800000000000000  1.0407445688933334  1.0103179646142670 -0.1449208227628256
  2.4900000000000002  1.0508477485394760  0.9538920934917394 -0.1454589638677319
  2.5000000000000000  1.0603866694743935  0.8971350482168509 -0.1459964830344940
  2.5100000000000002  1.0693580199565620  0.8400706412498409 -0.1465335048582455
  2.5200000000000000  1.0777587263690604  0.7827218983441978 -0.1470701409610573
  2.5300000000000002  1.0855859453525025  0.7251110895678632 -0.1476064903003409
  2.5400000000000000  1.0928370562481811  0.6672597637123175 -0.1481426395844752
  2.5500000000000003  1.0995096538853042  0.6091887858374930 -0.1486786637877537
  2.5600000000000001  1.1056015417436791  0.5509183777047543 -0.1492146267567216
  2.5699999999999998  1.1111107255207266  0.4924681608551990 -0.1497505819000149
  2.5800000000000001  1.1160354071292786  0.4338572020960414 -0.1502865729539271
  2.5899999999999999  1.1203739791502390  0.3751040611636606 -0.1508226348160306
  2.6000000000000001  1.1241250197618755  0.3162268403378390 -0.1513587944393868
  2.6099999999999999  1.1272872881652538  0.2572432357876130 -0.1518950717800134
  2.6200000000000001  1.1298597205231300  0.1981705904348507 -0.1524314807905049
  2.6299999999999999  1.1318414264274785  0.1390259481270337 -0.1529680304528607
  2.6400000000000001  1.1332316859087488  0.0798261089156095 -0.1535047258437539
  2.6499999999999999  1.1340299469979049  0.0205876852406073 -0.1540415692256367
  2.6600000000000001  1.1342358238503110 -0.0386728411741288 -0.1545785611571988
  2.6699999999999999  1.1338490954385696 -0.0979390619078143 -0.1551157016168065
  2.6800000000000002  1.1328697048194916 -0.1571945841023063 -0.1556529911326139
  2.6899999999999999  1.1312977589784685 -0.2164229725837183 -0.1561904319130729
  2.7000000000000002  1.1291335292526314 -0.2756076920349864 -0.1567280289715720
  2.7100000000000000  1.1263774523322816 -0.3347320494087919 -0.1572657912388804
  2.7200000000000002  1.1230301318381937 -0.3937791367716175 -0.1578037326570154
  2.7300000000000000  1.1190923404704776 -0.4527317747719548 -0.1583418732480217
  2.7400000000000002  1.1145650227227579 -0.5115724569287594 -0.1588802401510239
  2.7500000000000000  1.1094492981534703 -0.5702832949401190 -0.1594188686207330
  2.7600000000000002  1.1037464652040692 -0.6288459652166895 -0.1599578029803963
  2.7700000000000000  1.0974580055519023 -0.6872416568496899 -0.1604970975219764
  2.7800000000000002  1.0905855889834055 -0.7454510212290298 -0.1610368173461287
  2.7900000000000000  1.0831310787711153 -0.8034541235333614 -0.1615770391343168
  2.8000000000000003  1.0750965375357817 -0.8612303963203678 -0.1621178518452262
  2.8100000000000001  1.0664842335725779 -0.9187585954522870 -0.1626593573274175
  2.8199999999999998  1.0572966476180550 -0.9760167585983502 -0.1632016708400419
  2.8300000000000001  1.0475364800320714 -1.0329821665623196 -0.1637449214733109
  2.8399999999999999  1.0372066583664483 -1.0896313076894446 -0.1642892524603730
  2.8500000000000001  1.0263103452895539 -1.1459398456127157 -0.1648348213722757
  2.8599999999999999  1.0148509468334268 -1.2018825906030559 -0.1653818001878014
  2.8700000000000001  1.0028321209273963 -1.2574334747918237 -0.1659303752301744
  2.8799999999999999  0.9902577861794780 -1.3125655315364622 -0.1664807469629725
  2.8900000000000001  0.9771321308641134 -1.3672508792010711 -0.1670331296380299
  2.8999999999999999  0.9634596220721027 -1.4214607096228349 -0.1675877507887211
  2.9100000000000001  0.9492450149758743 -1.4751652815323610 -0.1681448505627827
  2.9199999999999999  0.9344933621605507 -1.5283339191908052 -0.1687046808897388
  2.9300000000000002  0.9192100229686426 -1.5809350164989184 -0.1692675044791181
  2.9399999999999999  0.9034006728036534 -1.6329360468226228 -0.1698335936469126
  2.9500000000000002  0.8870713123354272 -1.6843035787661369 -0.1704032289692117
  2.9600000000000000  0.8702282765477659 -1.7350032981068553 -0.1709766977635947
  2.9700000000000002  0.8528782435666974 -1.7850000360859095 -0.1715542924007045
  2.9800000000000000  0.8350282432058383 -1.8342578042244655 -0.1721363084504250
  2.9900000000000002  0.8166856651635936 -1.8827398358082057 -0.1727230426692707
  3.0000000000000000  0.7978582668055116 -1.9304086341510236 -0.1733147908379029
  3.0100000000000002  0.7785541804640014 -1.9772260277136902 -0.1739118454601123
  3.0200000000000000  0.7587819201868645 -2.0231532321141552 -0.1745144933371479
  3.0300000000000002  0.7385503878657230 -2.0681509190232994 -0.1751230130338324
  3.0400000000000000  0.7178688786754900 -2.1121792918935096 -0.1757376722555057
  3.0500000000000003  0.6967470857565549 -2.1551981684176131 -0.1763587251573988
  3.0600000000000001  0.6751951040723787 -2.1971670695627830 -0.1769864096105163
  3.0700000000000003  0.6532234333767509 -2.2380453149683732 -0.1776209444504624
  3.0800000000000001  0.6308429802270672 -2.2777921244387018 -0.1782625267377871
  3.0899999999999999  0.6080650589826802 -2.3163667252021094 -0.1789113290603404
  3.1000000000000001  0.5849013917306590 -2.3537284645467658 -0.1795674969097103
  3.1099999999999999  0.5613641070851914 -2.3898369273823463 -0.1802311461650432
  3.1200000000000001  0.5374657378113679 -2.4246520582156124 -0.1809023607183318
  3.1299999999999999  0.5132192172292117 -2.4581342869678751 -0.1815811902755800
  3.1400000000000001  0.4886378743595330 -2.4902446580041624 -0.1822676483680294
  3.1499999999999999  0.4637354277794913 -2.5209449616885187 -0.1829617106068595
  3.1600000000000001  0.4385259781626061 -2.5501978677281594 -0.1836633132133907
  3.1699999999999999  0.4130239994853245 -2.5779670595220892 -0.1843723518548428
  3.1800000000000002  0.3872443288901036 -2.6042173686881691 -0.1850886808130869
  3.1899999999999999  0.3612021552032220 -2.6289149089073760 -0.1858121125106078
  3.2000000000000002  0.3349130061141482 -2.6520272081959710 -0.1865424174141093
  3.2100000000000000  0.3083927340321885 -2.6735233386962274 -0.1872793243318247
  3.2200000000000002  0.2816575006452262 -2.6933740430649675 -0.1880225211157702
  3.2300000000000000  0.2547237602145765 -2.7115518565370014 -0.1887716557749017
  3.2400000000000002  0.2276082416492065 -2.7280312237480717 -0.1895263379995498
  3.2500000000000000  0.2003279294117258 -2.7427886094194691 -0.1902861410916417
  3.2600000000000002  0.1729000433175311 -2.7558026020341955 -0.1910506042892581
  3.2700000000000000  0.1453420172971892 -2.7670540096724907 -0.1918192354680714
  3.2800000000000002  0.1176714772004643 -2.7765259472224888 -0.1925915141963026
  3.2900000000000000  0.0899062177282394 -2.7842039142394568 -0.1933668951141949
  3.3000000000000003  0.0620641785858448 -2.7900758627939410 -0.1941448116036495
  3.3100000000000001  0.0341634199579054 -2.7941322547245666 -0.1949246797088491
  3.3200000000000003  0.0062220974106598 -2.7963661077943662 -0.1957059022644081
  3.3300000000000001 -0.0217415636672839 -2.7967730303393781 -0.1964878731840041
  3.3399999999999999 -0.0497092939706777 -2.7953512440937303 -0.1972699818596084
  3.3500000000000001 -0.0776628064116150 -2.7921015949753274 -0.1980516176194698
  3.3599999999999999 -0.1055838223613683 -2.7870275517192362 -0.1988321741918477
  3.3700000000000001 -0.1334540978785606 -2.7801351923505777 -0.1996110541213507
  3.3799999999999999 -0.1612554498020664 -2.7714331785937487 -0.2003876730854013
  3.3900000000000001 -0.1889697815880039 -2.7609327184187111 -0.2011614640600159
  3.3999999999999999 -0.2165791087721910 -2.7486475170264839 -0.2019318812865483
  3.4100000000000001 -0.2440655839424558 -2.7345937166735079 -0.2026984039943700
  3.4199999999999999 -0.2714115211091909 -2.7187898258269438 -0.2034605398384732
  3.4300000000000002 -0.2985994193674604 -2.7012566382290237 -0.2042178280156777
  3.4399999999999999 -0.3256119857497506 -2.6820171425272434 -0.2049698420283186
  3.4500000000000002 -0.3524321571750230 -2.6610964231975274 -0.2057161920699400
  3.4600000000000000 -0.3790431214069983 -2.6385215535487765 -0.2064565270134298
  3.4700000000000002 -0.4054283369424861 -2.6143214816487679 -0.2071905359881423
  3.4800000000000000 -0.4315715517589738 -2.5885269100528467 -0.2079179495386849
  3.4900000000000002 -0.4574568208595022 -2.5611701702479270 -0.2086385403641182
  3.5000000000000000 -0.4830685225619815 -2.5322850927449592 -0.2093521236421632
  3.5100000000000002 -0.5083913734894311 -2.5019068737632932 -0.2100585569485978
  3.5200000000000000 -0.5334104422270640 -2.4700719394505497 -0.2107577397871570
  3.5300000000000002 -0.5581111616215695 -2.4368178085720795 -0.2114496127499659
  3.5400000000000000 -0.5824793397072903 -2.4021829545854159 -0.2121341563326498
  3.5500000000000003 -0.6065011692531445 -2.3662066679879392 -0.2128113894318349
  3.5600000000000001 -0.6301632359330238 -2.3289289197910437 -0.2134813675556491
  3.5700000000000003 -0.6534525251309342 -2.2903902269322685 -0.2141441807801274
  3.5800000000000001 -0.6763564274002569 -2.2506315203890086 -0.2147999514860379
  3.5899999999999999 -0.6988627426041470 -2.2096940167045052 -0.2154488319116405
  3.6000000000000001 -0.7209596827711920 -2.1676190935797863 -0.2160910015572839
  3.6099999999999999 -0.7426358737069899 -2.1244481701250280 -0.2167266644775347
  3.6200000000000001 -0.7638803554082402 -2.0802225923013964 -0.2173560464958448
  3.6299999999999999 -0.7846825813312541 -2.0349835240206997 -0.2179793923755469
  3.6400000000000001 -0.8050324165714611 -1.9887718443059936 -0.2185969629793822
  3.6499999999999999 -0.8249201350145210 -1.9416280508524641 -0.2192090324478093
  3.6600000000000001 -0.8443364155230456 -1.8935921702651621 -0.2198158854240861
  3.6699999999999999 -0.8632723372256972 -1.8447036751891792 -0.2204178143516746
  3.6800000000000002 -0.8817193739775889 -1.7950014084891943 -0.2210151168668715
  3.6899999999999999 -0.8996693880624809 -1.7445235145794986 -0.2216080933068614
  3.7000000000000002 -0.9171146232082759 -1.6933073779530317 -0.2221970443506018
  3.7100000000000000 -0.9340476969878062 -1.6413895689089661 -0.2227822688072028
  3.7200000000000002 -0.9504615926768959 -1.5888057964332241 -0.2233640615637342
  3.7300000000000000 -0.9663496506412281 -1.5355908681451504 -0.2239427117018002
  3.7400000000000002 -0.9817055593226797 -1.4817786571865352 -0.2245185007896933
  3.7500000000000000 -0.9965233458945451 -1.4274020758962733 -0.2250917013546290
  3.7600000000000002 -1.0107973666535077 -1.3724930560851729 -0.2256625755373798
  3.7700000000000000 -1.0245222972143595 -1.3170825357006768 -0.2262313739296431
  3.7800000000000002 -1.0376931225713664 -1.2612004516504205 -0.2267983345927254
  3.7900000000000000 -1.0503051270878705 -1.2048757385364448 -0.2273636822545095
  3.8000000000000003 -1.0623538844732350 -1.1481363330383021 -0.2279276276803475
  3.8100000000000001 -1.0738352478036179 -1.0910091836730165 -0.2284903672123193
  3.8200000000000003 -1.0847453396403481 -1.0335202656526186 -0.2290520824703433
  3.8300000000000001 -1.0950805422968743 -0.9756946005555091 -0.2296129402078291
  3.8399999999999999 -1.1048374883024294 -0.9175562805259362 -0.2301730923139540
  3.8500000000000001 -1.1140130511076889 -0.8591284967161043 -0.2307326759541826
  3.8599999999999999 -1.1226043360748499 -0.8004335716875897 -0.2312918138403441
  3.8700000000000001 -1.1306086717917259 -0.7414929954925390 -0.2318506146213994
  3.8799999999999999 -1.1380236017466512 -0.6823274651602811 -0.2324091733859519
  3.8900000000000001 -1.1448468763982540 -0.6229569273212409 -0.2329675722675986
  3.8999999999999999 -1.1510764456714664 -0.5634006237071326 -0.2335258811443015
  3.9100000000000001 -1.1567104519085376 -0.5036771392741000 -0.2340841584231534
  3.9199999999999999 -1.1617472233012787 -0.4438044527035173 -0.2346424519021089
  3.9300000000000002 -1.1661852678283138 -0.3837999890433757 -0.2352007997005132
  3.9399999999999999 -1.1700232677187474 -0.3236806742613320 -0.2357592312505423
  3.9500000000000002 -1.1732600744613608 -0.2634629914884354 -0.2363177683419406
  3.9600000000000000 -1.1758947043762451 -0.2031630387400902 -0.2368764262127092
  3.9700000000000002 -1.1779263347636459 -0.1427965879078242 -0.2374352146787180
  3.9800000000000000 -1.1793543006427243 -0.0823791448217799 -0.2379941392953782
  3.9900000000000002 -1.1801780920909422 -0.0219260101894180 -0.2385532025448160
  4.0000000000000000 -1.1803973521928364  0.0385476587793775 -0.2391124050421050
  4.0099999999999998 -1.1800118756050426  0.0990267862468485 -0.2396717467542926
  4.0200000000000005 -1.1790216077425741  0.1594963153048838 -0.2402312282260388
  4.0300000000000002 -1.1774266445895254  0.2199411453971471 -0.2407908518057376
  4.0400000000000000 -1.1752272331355540  0.2803460697868500 -0.2413506228659958
  4.0499999999999998 -1.1724237724376856  0.3406957132517230 -0.2419105510122894
  4.0600000000000005 -1.1690168153051683  0.4009744701893422 -0.2424706512735224
  4.0700000000000003 -1.1650070706032749  0.4611664433186706 -0.2430309452680770
  4.0800000000000001 -1.1603954061700883  0.5212553831674189 -0.2435914623387343
  4.0899999999999999 -1.1551828523384140  0.5812246285395816 -0.2441522406496459
  4.0999999999999996 -1.1493706060530182  0.6410570481631961 -0.2447133282382579
  4.1100000000000003 -1.1429600355713863  0.7007349837249153 -0.2452747840147964
  4.1200000000000001 -1.1359526857341371  0.7602401945052867 -0.2458366787016373
  4.1299999999999999 -1.1283502837890842  0.8195538038365759 -0.2463990957045468
  4.1399999999999997 -1.1201547457507184  0.8786562476134199 -0.2469621319074744
  4.1500000000000004 -1.1113681832745841  0.9375272250954014 -0.2475258983822761
  4.1600000000000001 -1.1019929110236302  0.9961456522496307 -0.2480905210044622
  4.1699999999999999 -1.0920314545011338  1.0544896178904042 -0.2486561409658365
  4.1799999999999997 -1.0814865583222297  1.1125363428817994 -0.2492229151747072
  4.1900000000000004 -1.0703611948934117  1.1702621426774162 -0.2497910165342323
  4.2000000000000002 -1.0586585734666376  1.2276423934791596 -0.2503606340894498
  4.2100000000000000 -1.0463821495318459  1.2846515023037219 -0.2509319730336113
  4.2199999999999998 -1.0335356345088087  1.3412628812509890 -0.2515052545646568
  4.2300000000000004 -1.0201230056962989  1.3974489262726901 -0.2520807155829889
  4.2400000000000002 -1.0061485164335719  1.4531810007419341 -0.2526586082222269
  4.2500000000000000 -0.9916167064261526  1.5084294241245337 -0.2532391992052783
  4.2599999999999998 -0.9765324121849073  1.5631634660509077 -0.2538227690189376
  4.2700000000000005 -0.9609007775243982  1.6173513460825597 -0.2544096109012717
  4.2800000000000002 -0.9447272640635725  1.6709602394593701 -0.2550000296373400
  4.2900000000000000 -0.9280176616689788  1.7239562891029081 -0.2555943401602800
  4.2999999999999998 -0.9107780987779497  1.7763046241363960 -0.2561928659565142
  4.3100000000000005 -0.8930150525365858  1.8279693851635948 -0.2567959372757787
  4.3200000000000003 -0.8747353586849498  1.8789137565264853 -0.2574038891488333
  4.3300000000000001 -0.8559462211196849  1.9291000057350176 -0.2580170592180913
  4.3399999999999999 -0.8366552210623347  1.9784895302312335 -0.2586357853889762
  4.3500000000000005 -0.8168703257600224  2.0270429116146360 -0.2592604033125459
  4.3600000000000003 -0.7965998966438760  2.0747199774157452 -0.2598912437128200
  4.3700000000000001 -0.7758526968697186  2.1214798704603708 -0.2605286295752325
  4.3799999999999999 -0.7546378981651148  2.1672811258183202 -0.2611728732156851
  4.3899999999999997 -0.7329650869069316  2.2120817552772651 -0.2618242732527547
  4.4000000000000004 -0.7108442693541590  2.2558393392255098 -0.2624831115086415
  4.4100000000000001 -0.6882858759619039  2.2985111257668440 -0.2631496498673667
  4.4199999999999999 -0.6653007647042355  2.3400541368269114 -0.2638241271214967
  4.4299999999999997 -0.6419002233359664  2.3804252809441566 -0.2645067558411962
  4.4400000000000004 -0.6180959705265249  2.4195814723700089 -0.2651977193016146
  4.4500000000000002 -0.5939001558028247  2.4574797560332806 -0.2658971685064477
  4.4600000000000000 -0.5693253582424920  2.4940774378535591 -0.2666052193468829
  4.4699999999999998 -0.5443845838639564  2.5293322198185653 -0.2673219499359762
  4.4800000000000004 -0.5190912616657707  2.5632023391719745 -0.2680473981587805
  4.4900000000000002 -0.4934592382740509  2.5956467109920389 -0.2687815594781333
  4.5000000000000000 -0.4675027711641305  2.6266250733785927 -0.2695243850349553
  4.5099999999999998 -0.4412365204303446  2.6560981344077073 -0.2702757800800946
  4.5200000000000005 -0.4146755390862675  2.6840277199604761 -0.2710356027722116
  4.5300000000000002 -0.3878352618866628  2.7103769214862301 -0.2718036633729111
  4.5400000000000000 -0.3607314926718005  2.7351102427219178 -0.2725797238663026
  4.5499999999999998 -0.3333803902445813  2.7581937443594078 -0.2733634980254613
  4.5600000000000005 -0.3057984528009873  2.7795951856319703 -0.2741546519428966
  4.5700000000000003 -0.2780025009446676  2.7992841617809363 -0.2749528050362013
  4.5800000000000001 -0.2500096593268582  2.8172322363641666 -0.2757575315336556
  4.5899999999999999 -0.2218373369632165  2.8334130673799898 -0.2765683624377593
  4.6000000000000005 -0.1935032062894166  2.8478025262040014 -0.2773847879576381
  4.6100000000000003 -0.1650251810273766  2.8603788083717201 -0.2782062603941189
  4.6200000000000001 -0.1364213929436594  2.8711225352874976 -0.2790321974541499
  4.6299999999999999 -0.1077101675907845  2.8800168459990254 -0.2798619859642941
  4.6399999999999997 -0.0789099991307942  2.8870474782468349 -0.2806949859464256
  4.6500000000000004 -0.0500395243483259  2.8922028380786298 -0.2815305350126200
  4.6600000000000001 -0.0211174959675396  2.8954740574083164 -0.2823679530307308
  4.6699999999999999  0.0078372446065436  2.8968550389981105 -0.2832065470073992
  4.6799999999999997  0.0368057949965247  2.8963424884478943 -0.2840456161313372
  4.6900000000000004  0.0657692198810036  2.8939359328877248 -0.2848844569168429
  4.7000000000000002  0.0947085792098809  2.8896377261855180 -0.2857223683855858
  4.7100000000000000  0.1236049564717361  2.8834530406009367 -0.2865586572239371
  4.7199999999999998  0.1524394868777454  2.8753898449366648 -0.2873926428534230
  4.7300000000000004  0.1811933853271121  2.8654588693579695 -0.2882236623532857
  4.7400000000000002  0.2098479740206918  2.8536735571689933 -0.2890510751766546
  4.7500000000000000  0.2383847095923817  2.8400500039480039 -0.2898742676053088
  4.7599999999999998  0.2667852096318618  2.8246068845522760 -0.2906926568924533
  4.7700000000000005  0.2950312784773845  2.8073653686049553 -0.2915056950482049
  4.7800000000000002  0.3231049321634341  2.7883490251698242 -0.2923128722284258
  4.7900000000000000  0.3509884224151323  2.7675837174042095 -0.2931137196940841
  4.7999999999999998  0.3786642595891744  2.7450974880543590 -0.2939078123152707
  4.8100000000000005  0.4061152344697180  2.7209204367206641 -0.2946947706011984
  4.8200000000000003  0.4333244388369246  2.6950845898715583 -0.2954742622448359
  4.8300000000000001  0.4602752847356402  2.6676237646244028 -0.2962460031781031
  4.8399999999999999  0.4869515223818843  2.6385734273389936 -0.2970097581406272
  4.8500000000000005  0.5133372566552742  2.6079705480845758 -0.2977653407718326
  4.8600000000000003  0.5394169621361200  2.5758534520446479 -0.2985126132424285
  4.8700000000000001  0.5651754966565665  2.5422616689158080 -0.2992514854471429
  4.8799999999999999  0.5905981133457247  2.5072357813380588 -0.2999819137856508
  4.8899999999999997  0.6156704711591052  2.4708172733650460 -0.3007038995630955
  4.9000000000000004  0.6403786438927557  2.4330483799445766 -0.3014174870452468
  4.9100000000000001  0.6647091276922015  2.3939719383333729 -0.3021227612062580
  4.9199999999999999  0.6886488470755352  2.3536312423164323 -0.3028198452090947
  4.9299999999999997  0.7121851594986995  2.3120699000416916 -0.3035088976600502
  4.9400000000000004  0.7353058584991164  2.2693316962160313 -0.3041901096793784
  4.9500000000000002  0.7579991754612767  2.2254604593401637 -0.3048637018299609
  4.9600000000000000  0.7802537800546784  2.1804999345887253 -0.3055299209452138
  4.9699999999999998  0.8020587794005656  2.1344936628690201 -0.3061890368960793
  4.9800000000000004  0.8234037160292558  2.0874848665183667 -0.3068413393351543
  4.9900000000000002  0.8442785646944394  2.0395163420268414 -0.3074871344537116
  5.0000000000000000  0.8646737281147078  1.9906303601002595 -0.3081267417847615
  5.0099999999999998  0.8845800317157104  1.9408685733082995 -0.3087604910824051
  5.0200000000000005  0.9039887174487934  1.8902719314954179 -0.3093887193046205
  5.0300000000000002  0.9228914367637475  1.8388806050682625 -0.3100117677234089
  5.0400000000000000  0.9412802428144301  1.7867339162131213 -0.3106299791829350
  5.0499999999999998  0.9591475819765614  1.7338702780409785 -0.3112436955230260
  5.0600000000000005  0.9764862847569712  1.6803271416062555 -0.3118532551821689
  5.0700000000000003  0.9932895561730337  1.6261409506985267 -0.3124589909910374
  5.0800000000000001  1.0095509656800190  1.5713471042645157 -0.3130612281646330
  5.0899999999999999  1.0252644367226642  1.5159799262805547 -0.3136602824983359
  5.1000000000000005  1.0404242359854698  1.4600726428633803 -0.3142564587706069
  5.1100000000000003  1.0550249624141037  1.4036573663795566 -0.3148500493527508
  5.1200000000000001  1.0690615360778992  1.3467650862907947 -0.3154413330240504
  5.1299999999999999  1.0825291869408071  1.2894256664537873 -0.3160305739887412
  5.1399999999999997  1.0954234436053449  1.2316678485786408 -0.3166180210896989
  5.1500000000000004  1.1077401220911314  1.1735192615393022 -0.3172039072123503
  5.1600000000000001  1.1194753147065244  1.1150064362222358 -0.3177884488712124
  5.1699999999999999  1.1306253790687468  1.0561548255956932 -0.3183718459705598
  5.1799999999999997  1.1411869273247037  0.9969888296809118 -0.3189542817300319
  5.1900000000000004  1.1511568156215128  0.9375318251081328 -0.3195359227655081
  5.2000000000000002  1.1605321338725942  0.8778061989441227 -0.3201169193152480
  5.2100000000000000  1.1693101958620356  0.8178333864835796 -0.3206974056011263
  5.2199999999999998  1.1774885297268713  0.7576339127040872 -0.3212775003147796
  5.2300000000000004  1.1850648688539123  0.6972274370928315 -0.3218573072185469
  5.2400000000000002  1.1920371432248407  0.6366328015628312 -0.3224369158512728
  5.2500000000000000  1.1984034712404690  0.5758680811866563 -0.3230164023293114
  5.2599999999999998  1.2041621520523356  0.5149506374862759 -0.3235958302333761
  5.2700000000000005  1.2093116584271983  0.4538971740285205 -0.3241752515722427
  5.2800000000000002  1.2138506301674836  0.3927237940864606 -0.3247547078147079
  5.2900000000000000  1.2177778681083482  0.3314460601375643 -0.3253342309815943
  5.2999999999999998  1.2210923287097240  0.2700790549796311 -0.3259138447899961
  5.3100000000000005  1.2237931192595202  0.2086374442550309 -0.3264935658423500
  5.3200000000000003  1.2258794937020705  0.1471355401825532 -0.3270734048532602
  5.3300000000000001  1.2273508491038960  0.0855873663040724 -0.3276533679073539
  5.3399999999999999  1.2282067227669367  0.0240067230601306 -0.3282334577417110
  5.3500000000000005  1.2284467899975380 -0.0375927459856479 -0.3288136750466630
  5.3600000000000003  1.2280708625376815 -0.0991974874487606 -0.3293940197789398
  5.3700000000000001  1.2270788876631940 -0.1607939711246945 -0.3299744924812555
  5.3799999999999999  1.2254709479519470 -0.2223686228583789 -0.3305550956025205
  5.3899999999999997  1.2232472617233632 -0.2839077574513268 -0.3311358348128413
  5.4000000000000004  1.2204081841488499 -0.3453975117760836 -0.3317167203074383
  5.4100000000000001  1.2169542090310890 -0.4068237782694315 -0.3322977680934727
  5.4199999999999999  1.2128859712483946 -0.4681721389789444 -0.3328790012536131
  5.4299999999999997  1.2082042498586052 -0.5294278003419071 -0.3334604511799242
  5.4400000000000004  1.2029099718551861 -0.5905755288812597 -0.3340421587713747
  5.4500000000000002  1.1970042165663735 -0.6515995880100426 -0.3346241755879396
  5.4600000000000000  1.1904882206862730 -0.7124836761437114 -0.3352065649538778
  5.4699999999999998  1.1833633839248359 -0.7732108663285779 -0.3357894030023785
  5.4800000000000004  1.1756312752615501 -0.8337635476043767 -0.3363727796533302
  5.4900000000000002  1.1672936397855063 -0.8941233683294483 -0.3369567995155427
  5.5000000000000000  1.1583524061022117 -0.9542711817080932 -0.3375415827042985
  5.5099999999999998  1.1488096942851307 -1.0141869937711208 -0.3381272655647047
  5.5200000000000005  1.1386678243474195 -1.0738499140723059 -0.3387140012909227
  5.5300000000000002  1.1279293252066964 -1.1332381093751505 -0.3393019604310044
  5.5400000000000000  1.1165969441129449 -1.1923287606157935 -0.3398913312668024
  5.5499999999999998  1.1046736565067869 -1.2510980234388789 -0.3404823200582103
  5.5600000000000005  1.0921626762723982 -1.3095209926133826 -0.3410751511409216
  5.5700000000000003  1.0790674663462643 -1.3675716706445464 -0.3416700668669130
  5.5800000000000001  1.0653917496398189 -1.4252229409058346 -0.3422673273770596
  5.5899999999999999  1.0511395202307605 -1.4824465456209202 -0.3428672101956209
  5.6000000000000005  1.0363150547745512 -1.5392130690297587 -0.3434700096368892
  5.6100000000000003  1.0209229240842537 -1.5954919260744831 -0.3440760360150239
  5.6200000000000001  1.0049680048235088 -1.6512513569398015 -0.3446856146490687
  5.6299999999999999  0.9884554912541108 -1.7064584277784383 -0.3452990846563626
  5.6399999999999997  0.9713909069763265 -1.7610790379445806 -0.3459167975290178
  5.6500000000000004  0.9537801165968807 -1.8150779340469312 -0.3465391154898616
  5.6600000000000001  0.9356293372564114 -1.8684187311175082 -0.3471664096262654
  5.6699999999999999  0.9169451499452363 -1.9210639411724590 -0.3477990578025139
  5.6799999999999997  0.8977345105335117 -1.9729750094166090 -0.3484374423539556
  5.6900000000000004  0.8780047604393456 -2.0241123583140141 -0.3490819475689344
  5.7000000000000002  0.8577636368562055 -2.0744354397122460 -0.3497329569675443
  5.7100000000000000  0.8370192824590831 -2.1239027951683904 -0.3503908503894870
  5.7199999999999998  0.8157802545073992 -2.1724721245797403 -0.3510560009067323
  5.7300000000000004  0.7940555332616018 -2.2201003631719010 -0.3517287715802102
  5.7400000000000002  0.7718545296298828 -2.2667437668416706 -0.3524095120834014
  5.7500000000000000  0.7491870919614660 -2.3123580057917263 -0.3530985552193340
  5.7599999999999998  0.7260635119035488 -2.3568982663292299 -0.3537962133610693
  5.7700000000000005  0.7024945292402565 -2.4003193606312978 -0.3545027748492704
  5.7800000000000002  0.6784913356339435 -2.4425758442074184 -0.3552185003836537
  5.7900000000000000  0.6540655771918693 -2.4836221407129573 -0.3559436194481480
  5.7999999999999998  0.6292293557847397 -2.5234126736896112 -0.3566783268121434
  5.8100000000000005  0.6039952290478436 -2.5619020047288896 -0.3574227791523505
  5.8200000000000003  0.5783762090005548 -2.5990449774743962 -0.3581770918413401
  5.8300000000000001  0.5523857592258108 -2.6347968667988493 -0.3589413359497746
  5.8399999999999999  0.5260377905578223 -2.6691135324135900 -0.3597155355095241
  5.8500000000000005  0.4993466552336864 -2.7019515760929460 -0.3604996650842995
  5.8600000000000003  0.4723271394727569 -2.7332685016244747 -0.3612936476929942
  5.8700000000000001  0.4449944544565121 -2.7630228765301141 -0.3620973531286562
  5.8799999999999999  0.4173642256912110 -2.7911744945438386 -0.3629105967127879
  5.8899999999999997  0.3894524807457726 -2.8176845377798441 -0.3637331385206048
  5.9000000000000004  0.3612756353679741 -2.8425157374827519 -0.3645646831079041
  5.9100000000000001  0.3328504779931466 -2.8656325322189544 -0.3654048797644125
  5.9199999999999999  0.3041941526709571 -2.8870012223470476 -0.3662533233119192
  5.9299999999999997  0.2753241404474866 -2.9065901195961885 -0.3671095554582826
  5.9400000000000004  0.2462582392515247 -2.9243696905849084 -0.3679730667106522
  5.9500000000000002  0.2170145423456756 -2.9403126931299437 -0.3688432988430326
  5.9600000000000000  0.1876114154143762 -2.9543943042253473 -0.3697196479049092
  5.9699999999999998  0.1580674723721227 -2.9665922386166232 -0.3706014677491167
  5.9800000000000004  0.1284015499859565 -2.9768868569527633 -0.3714880740486874
  5.9900000000000002  0.0986326814164289 -2.9852612625704769 -0.3723787487642740
  6.0000000000000000  0.0687800687907241 -2.9917013860489683 -0.3732727450160276
  6.0099999999999998  0.0388630549302344 -2.9961960567694894 -0.3741692923067570
  6.0200000000000005  0.0089010943625395 -2.9987370608204467 -0.3750676020369563
  6.0300000000000002 -0.0210862762456649 -2.9993191847047900 -0.3759668732469890
  6.0400000000000000 -0.0510794680927128 -2.9979402444302341 -0.3768662985175508
  6.0499999999999998 -0.0810588705370152 -2.9946010996928871 -0.3777650699565247
  6.0600000000000005 -0.1110048815339441 -2.9893056529992950 -0.3786623851986683
  6.0700000000000003 -0.1408979380639370 -2.9820608337088235 -0.3795574533441792
  6.0800000000000001 -0.1707185464010252 -2.9728765671157693 -0.3804495007631541
  6.0899999999999999 -0.2004473120721829 -2.9617657288266090 -0.3813377766952575
  6.1000000000000005 -0.2300649693604490 -2.9487440848204254 -0.3822215585774524
  6.1100000000000003 -0.2595524102086533 -2.9338302177079076 -0.3831001570373758
  6.1200000000000001 -0.2888907123857323 -2.9170454398246322 -0.3839729204957529
  6.1299999999999999 -0.3180611667839787 -2.8984136939059462 -0.3848392393279458
  6.1400000000000006 -0.3470453037230381 -2.8779614421922557 -0.3856985495422236
  6.1500000000000004 -0.3758249181449607 -2.8557175449035865 -0.3865503359404128
  6.1600000000000001 -0.4043820935939965 -2.8317131290999207 -0.3873941347350573
  6.1699999999999999 -0.4326992248849957 -2.8059814490082218 -0.3882295356059076
  6.1799999999999997 -0.4607590393750780 -2.7785577389476885 -0.3890561831872617
  6.1900000000000004 -0.4885446167645549 -2.7494790600213541 -0.3898737779862391
  6.2000000000000002 -0.5160394073647684 -2.7187841417646199 -0.3906820767402754
  6.2100000000000000 -0.5432272487824146 -2.6865132199498967 -0.3914808922298800
  6.2199999999999998 -0.5700923809819135 -2.6527078717416259 -0.3922700925697926
  6.2300000000000004 -0.5966194596993297 -2.6174108493782517 -0.3930496000080750
  6.2400000000000002 -0.6227935681931123 -2.5806659135279775 -0.3938193892682174
  6.2500000000000000 -0.6486002273283921 -2.5425176674244025 -0.3945794854740241
  6.2599999999999998 -0.6740254040026361 -2.5030113928374691 -0.3953299617007677
  6.2700000000000005 -0.6990555179310108 -2.4621928888757876 -0.3960709361989203
  6.2800000000000002 -0.7236774468197688 -2.4201083145496334 -0.3968025693386188
  6.2900000000000000 -0.7478785299652650 -2.3768040359510243 -0.3975250603239959
  6.2999999999999998 -0.7716465703247752 -2.3323264788296698 -0.3982386437265959
  6.3100000000000005 -0.7949698351130720 -2.2867219872625033 -0.3989435858864081
  6.3200000000000003 -0.8178370549856970 -2.2400366890312977 -0.3996401812276389
  6.3300000000000001 -0.8402374218760100 -2.1923163682387172 -0.4003287485342799
  6.3399999999999999 -0.8621605855583973 -2.1436063456092311 -0.4010096272279651
  6.3500000000000005 -0.8835966490144895 -2.0939513668386649 -0.4016831736875401
  6.3600000000000003 -0.9045361626828762 -2.0433954992757348 -0.4023497576464170
  6.3700000000000001 -0.9249701176756335 -1.9919820371415438 -0.4030097587001049
  6.3799999999999999 -0.9448899380470490 -1.9397534154194198 -0.4036635629525287
  6.3900000000000006 -0.9642874722012432 -1.8867511324782789 -0.4043115598258427
  6.4000000000000004 -0.9831549835260260 -1.8330156814283221 -0.4049541390545552
  6.4100000000000001 -1.0014851403403093 -1.7785864901487611 -0.4055916878809542
  6.4199999999999999 -1.0192710052417970 -1.7235018698735922 -0.4062245884651254
  6.4299999999999997 -1.0365060239405330 -1.6677989721734108 -0.4068532155193270
  6.4400000000000004 -1.0531840136622672 -1.6115137541288920 -0.4074779341731842
  6.4500000000000002 -1.0692991512035561 -1.5546809514548361 -0.4080990980731225
  6.4600000000000000 -1.0848459607181045 -1.4973340593024793 -0.4087170477166600
  6.4699999999999998 -1.0998193013111293 -1.4395053204419126 -0.4093321090197257
  6.4800000000000004 -1.1142143545155483 -1.3812257205057032 -0.4099445921129479
  6.4900000000000002 -1.1280266117206053 -1.3225249899588867 -0.4105547903610010
  6.5000000000000000 -1.1412518616201941 -1.2634316124490659 -0.4111629795974734
  6.5099999999999998 -1.1538861777446847 -1.2039728391830762 -0.4117694175664370
  6.5200000000000005 -1.1659259061365155 -1.1441747089731684 -0.4123743435608336
  6.5300000000000002 -1.1773676532262471 -1.0840620735955502 -0.4129779782470240
  6.5400000000000000 -1.1882082739622026 -1.0236586281070164 -0.4135805236642742
  6.5499999999999998 -1.1984448602432729 -0.9629869457709050 -0.4141821633876204
  6.5600000000000005 -1.2080747297009820 -0.9020685172513532 -0.4147830628423788
  6.5700000000000003 -1.2170954148734956 -0.8409237937444188 -0.4153833697586002
  6.5800000000000001 -1.2255046528109397 -0.7795722337257374 -0.4159832147538731
  6.5899999999999999 -1.2333003751481970 -0.7180323530066303 -0.4165827120331880
  6.6000000000000005 -1.2404806986782633 -0.6563217778036771 -0.4171819601948947
  6.6100000000000003 -1.2470439164563001 -0.5944573005403824 -0.4177810431322400
  6.6200000000000001 -1.2529884894617038 -0.5324549381134470 -0.4183800310204475
  6.6299999999999999 -1.2583130388428383 -0.4703299923700179 -0.4189789813798259
  6.6400000000000006 -1.2630163387665385 -0.4080971125559195 -0.4195779402059170
  6.6500000000000004 -1.2670973098920977 -0.3457703595080360 -0.4201769431582494
  6.6600000000000001 -1.2705550134871781 -0.2833632713765334 -0.4207760167997794
  6.6699999999999999 -1.2733886462009434 -0.2208889306743060 -0.4213751798795984
  6.6799999999999997 -1.2755975355076865 -0.1583600324617599 -0.4219744446519682
  6.6900000000000004 -1.2771811358323042 -0.0957889534846644 -0.4225738182251331
  6.7000000000000002 -1.2781390253671507 -0.0331878220912102 -0.4231733039337597
  6.7100000000000000 -1.2784709035880628  0.0294314112384968 -0.4237729027291324
  6.7199999999999998 -1.2781765894756778  0.0920569029115724 -0.4243726145814803
  6.7300000000000004 -1.2772560204465622  0.1546768449469370 -0.4249724398889834
  6.7400000000000002 -1.2757092519970927  0.2172793935594094 -0.4255723808880925
  6.7500000000000000 -1.2735364580614987  0.2798525977561503 -0.4261724430598257
  6.7599999999999998 -1.2707379320839371  0.3423843280986189 -0.4267726365266389
  6.7700000000000005 -1.2673140888029510  0.4048622057850741 -0.4273729774343469
  6.7800000000000002 -1.2632654667451002  0.4672735322120585 -0.4279734893133567
  6.7900000000000000 -1.2585927314229797  0.5296052191782090 -0.4285742044132050
  6.7999999999999998 -1.2532966792311975  0.5918437199001170 -0.4291751650040576
  6.8100000000000005 -1.2473782420321964  0.6539749610177323 -0.4297764246383993
  6.8200000000000003 -1.2408384924220190  0.7159842757759185 -0.4303780493657194
  6.8300000000000001 -1.2336786496642598  0.7778563385791021 -0.4309801188924705
  6.8399999999999999 -1.2259000862784688  0.8395751011274356 -0.4315827276790365
  6.8500000000000005 -1.2175043352671944  0.9011237303553551 -0.4321859859648971
  6.8600000000000003 -1.2084930979636408  0.9624845484067296 -0.4327900207125759
  6.8700000000000001 -1.1988682524795735  1.0236389748947912 -0.4333949764603895
  6.8799999999999999 -1.1886318627306256  1.0845674717095140 -0.4340010160734513
  6.8900000000000006 -1.1777861880135305  1.1452494906498583 -0.4346083213818519
  6.9000000000000004 -1.1663336931070318  1.2056634241730848 -0.4352170936944690
  6.9100000000000001 -1.1542770588653011  1.2657865595678977 -0.4358275541764571
  6.9199999999999999 -1.1416191932696220  1.3255950368722278 -0.4364399440781506
  6.9299999999999997 -1.1283632429008998  1.3850638108696927 -0.4370545248029585
  6.9400000000000004 -1.1145126047922029  1.4441666175108527 -0.4376715778017530
  6.9500000000000002 -1.1000709386170944  1.5028759451159619 -0.4382914042814086
  6.9600000000000000 -1.0850421791659348  1.5611630107246195 -0.4389143247154632
  6.9699999999999998 -1.0694305490586886  1.6189977419641821 -0.4395406781454010
  6.9800000000000004 -1.0532405716390467  1.6763487648125803 -0.4401708212618631
  6.9900000000000002 -1.0364770839909210  1.7331833976319124 -0.4408051272561291
  7.0000000000000000 -1.0191452500146019  1.7894676518464192 -0.4414439844335369
  7.0099999999999998 -1.0012505734961377  1.8451662396317878 -0.4420877945821811
  7.0200000000000005 -0.9827989110998198  1.9002425889717762 -0.4427369710921452
  7.0300000000000002 -0.9637964852101020  1.9546588664225018 -0.4433919368228316
  7.0400000000000000 -0.9442498965458770  2.0083760079040491 -0.4440531217185495
  7.0499999999999998 -0.9241661364668365  2.0613537578129826 -0.4447209601754465
  7.0600000000000005 -0.9035525988887068  2.1135507167176182 -0.4453958881661246
  7.0700000000000003 -0.8824170917215306  2.1649243978603034 -0.4460783401317991
  7.0800000000000001 -0.8607678477429276  2.2154312926472919 -0.4467687456556462
  7.0899999999999999 -0.8386135348164546  2.2650269452570058 -0.4474675259350129
  7.1000000000000005 -0.8159632653638845  2.3136660364415724 -0.4481750900743178
  7.1100000000000003 -0.7928266049994688  2.3613024765345858 -0.4488918312247705
  7.1200000000000001 -0.7692135802341229  2.4078895076102960 -0.4496181226013500
  7.1299999999999999 -0.7451346851580199  2.4533798146662291 -0.4503543134117634
  7.1400000000000006 -0.7206008870113576  2.4977256456229942 -0.4511007247362304
  7.1500000000000004 -0.6956236305551277  2.5408789398523766 -0.4518576454008623
  7.1600000000000001 -0.6702148411566039  2.5827914648584365 -0.4526253278909387
  7.1699999999999999 -0.6443869265080195  2.6234149606470969 -0.4534039843535296
  7.1799999999999997 -0.6181527769015486  2.6627012912285872 -0.4541937827414508
  7.1900000000000004 -0.5915257639892627  2.7006026026052199 -0.4549948431524400
  7.2000000000000002 -0.5645197379632105  2.7370714865055379 -0.4558072344185720
  7.2100000000000000 -0.5371490230981552  2.7720611490361846 -0.4566309710012009
  7.2199999999999998 -0.5094284116077933  2.8055255833363311 -0.4574660102460311
  7.2300000000000004 -0.4813731557744300  2.8374197452375984 -0.4583122500512460
  7.2400000000000002 -0.4529989583220540  2.8676997308566250 -0.4591695269988783
  7.2500000000000000 -0.4243219610134877  2.8963229549792531 -0.4600376149957774
  7.2599999999999998 -0.3953587314636952  2.9232483290362299 -0.4609162244656377
  7.2700000000000005 -0.3661262481733329  2.9484364374217282 -0.4618050021275821
  7.2800000000000002 -0.3366418837991156  2.9718497108692454 -0.4627035313898591
  7.2900000000000000 -0.3069233866904232  2.9934525955757110 -0.4636113333793401
  7.2999999999999998 -0.2769888607346661  3.0132117167549652 -0.4645278686188565
  7.3100000000000005 -0.2468567435671164  3.0310960353070238 -0.4654525393551119
  7.3200000000000003 -0.2165457832140462  3.0470769963103028 -0.4663846925301278
  7.3300000000000001 -0.1860750132509431  3.0611286680806482 -0.4673236233790996
  7.3399999999999999 -0.1554637265701367  3.0732278705936813 -0.4682685796274055
  7.3500000000000005 -0.1247314478641998  3.0833542921354420 -0.4692187662494873
  7.3600000000000003 -0.0938979049428454  3.0914905931301262 -0.4701733507426842
  7.3700000000000001 -0.0629829990115442  3.0976224961920882 -0.4711314688600563
  7.3799999999999999 -0.0320067740496233  3.1017388615611408 -0.4720922307379933
  7.3900000000000006 -0.0009893854340119  3.1038317472042163 -0.4730547273471848
  7.4000000000000004  0.0300489320380303  3.1038964530010440 -0.4740180371895071
  7.4100000000000001  0.0610878965680407  3.1019315485748251 -0.4749812331587178
  7.4199999999999999  0.0921072120537890  3.0979388844789679 -0.4759433894796572
  7.4299999999999997  0.1230866008985787  3.0919235866055805 -0.4769035886390391
  7.4400000000000004  0.1540058367646345  3.0838940338383809 -0.4778609282208925
  7.4500000000000002  0.1848447771030183  3.0738618191296254 -0.4788145275613209
  7.4600000000000000  0.2155833952943145  3.0618416943352682 -0.4797635341404327
  7.4699999999999998  0.2462018122376672  3.0478514992925607 -0.4807071296339587
  7.4800000000000004  0.2766803272305928  3.0319120757674853 -0.4816445355531542
  7.4900000000000002  0.3069994479882677  3.0140471670337639 -0.4825750184088615
  7.5000000000000000  0.3371399196586053  2.9942833039688139 -0.4834978943439574
  7.5099999999999998  0.3670827526982934  2.9726496786633083 -0.4844125331876012
  7.5200000000000005  0.3968092494849265  2.9491780066385478 -0.4853183618945289
  7.5300000000000002  0.4263010295513120  2.9239023788485565 -0.4862148673428293
  7.5400000000000000  0.4555400533397976  2.8968591047108578 -0.4871015984740550
  7.5499999999999998  0.4845086443869062  2.8680865474607535 -0.4879781677697987
  7.5600000000000005  0.5131895098615137  2.8376249531584063 -0.4888442520689287
  7.5700000000000003  0.5415657593930977  2.8055162746962115 -0.4896995927392203
  7.5800000000000001  0.5696209221400598  2.7718039921561681 -0.4905439952259965
  7.5899999999999999  0.5973389620616214  2.7365329308538970 -0.4913773280084952
  7.6000000000000005  0.6247042913701604  2.6997490783784284 -0.4921995210017740
  7.6100000000000003  0.6517017821539447  2.6614994018959810 -0.4930105634481015
  7.6200000000000001  0.6783167761729045  2.6218316669329287 -0.4938105013467602
  7.6299999999999999  0.7045350928422338  2.5807942587893509 -0.4945994344750566
  7.6400000000000006  0.7303430354301274  2.5384360076615038 -0.4953775130560836
  7.6500000000000004  0.7557273955067424  2.4948060184707543 -0.4961449341303841
  7.6600000000000001  0.7806754556914499  2.4499535063095639 -0.4969019376892472
  7.6699999999999999  0.8051749907545456  2.4039276383235753 -0.4976488026269195
  7.6799999999999997  0.8292142671377813  2.3567773827542720 -0.4983858425676897
  7.6900000000000004  0.8527820409653241  2.3085513657705112 -0.4991134016216616
  7.7000000000000002  0.8758675546230291  2.2592977366208893 -0.4998318501201744
  7.7100000000000000  0.8984605319892380  2.2090640415436438 -0.5005415803784434
  7.7199999999999998  0.9205511724046744  2.1578971067777970 -0.5012430025290711
  7.7300000000000004  0.9421301434724524  2.1058429309295481 -0.5019365404658849
  7.7400000000000002  0.9631885727817479  2.0529465868623817 -0.5026226279330617
  7.7500000000000000  0.9837180386503717  1.9992521331987763 -0.5033017047899355
  7.7599999999999998  1.0037105599823595  1.9448025354463132 -0.5039742134772285
  7.7700000000000005  1.0231585853368226  1.8896395966919319 -0.5046405957059064
  7.7800000000000002  1.0420549813037419  1.8338038977453257 -0.5053012893854041
  7.7900000000000000  1.0603930202811951  1.7773347465562643 -0.5059567258037314
  7.7999999999999998  1.0781663677467577  1.7202701366810389 -0.5066073270680005
  7.8100000000000005  1.0953690691135680  1.6626467145302217 -0.5072535038102022
  7.8200000000000003  1.1119955362588703  1.6044997550934228 -0.5078956531597112
  7.8300000000000001  1.1280405338098045  1.5458631458064911 -0.5085341569809763
  7.8399999999999999  1.1434991652678694  1.4867693782023936 -0.5091693803721840
  7.8500000000000005  1.1583668590498934  1.4272495469684787 -0.5098016704183934
  7.8600000000000003  1.1726393545195783  1.3673333560196252 -0.5104313551906909
  7.8700000000000001  1.1863126880797745  1.3070491311884820 -0.5110587429813040
  7.8799999999999999  1.1993831793916594  1.2464238391301838 -0.5116841217633616
  7.8900000000000006  1.2118474177829612  1.1854831120391491 -0.5123077588629990
  7.9000000000000004  1.2237022489033527  1.1242512777793547 -0.5129299008308448
  7.9100000000000001  1.2349447616811462  1.0627513950364058 -0.5135507734994933
  7.9199999999999999  1.2455722756315102  1.0010052931093147 -0.5141705822133804
  7.9300000000000006  1.2555823285626033  0.9390336159717436 -0.5147895122174828
  7.9400000000000004  1.2649726647223207  0.8768558702461406 -0.5154077291914585
  7.9500000000000002  1.2737412234247822  0.8144904767492952 -0.5160253799161643
  7.9600000000000000  1.2818861281922751  0.7519548252839966 -0.5166425930599456
  7.9699999999999998  1.2894056764451152  0.6892653323683433 -0.5172594800726404
  7.9800000000000004  1.2962983297687987  0.6264375016114937 -0.5178761361758459
  7.9900000000000002  1.3025627047849135  0.5634859864619778 -0.5184926414386735
  8.0000000000000000  1.3081975646495334  0.5004246550718311 -0.5191090619289027
  8.0099999999999998  1.3132018112002517  0.4372666570365180 -0.5197254509301354
  8.0199999999999996  1.3175744777706169  0.3740244917866657 -0.5203418502162742
  8.0299999999999994  1.3213147226884836  0.3107100784228318 -0.5209582913752782
  8.0400000000000009  1.3244218234727119  0.2473348267987038 -0.5215747971748190
  8.0500000000000007  1.3268951717406989  0.1839097096711358 -0.5221913829630269
  8.0600000000000005  1.3287342688374102  0.1204453357471138 -0.5228080580980492
  8.0700000000000003  1.3299387221948813  0.0569520234680221 -0.5234248274006141
  8.0800000000000001  1.3305082424295616 -0.0065601246196610 -0.5240416926241753
  8.0899999999999999  1.3304426411833650 -0.0700811470509405 -0.5246586539375302
  8.0999999999999996  1.3297418297128556 -0.1336011483243428 -0.5252757114150384
  8.1099999999999994  1.3284058182296121 -0.1971102236137895 -0.5258928665297089
  8.1200000000000010  1.3264347159934742 -0.2605983834426008 -0.5265101236444760
  8.1300000000000008  1.3238287321590481 -0.3240554784515996 -0.5271274914969692
  8.1400000000000006  1.3205881773745320 -0.3874711243947190 -0.5277449846729465
  8.1500000000000004  1.3167134661305848 -0.4508346274987045 -0.5283626250633626
  8.1600000000000001  1.3122051198555977 -0.5141349103284233 -0.5289804432997454
  8.1699999999999999  1.3070637707523134 -0.5773604383059122 -0.5295984801621920
  8.1799999999999997  1.3012901663692542 -0.6404991470395663 -0.5302167879538253
  8.1899999999999995  1.2948851748988586 -0.7035383706297313 -0.5308354318350461
  8.1999999999999993  1.2878497911925613 -0.7664647711283290 -0.5314544911103218
  8.2100000000000009  1.2801851434812779 -0.8292642693429281 -0.5320740604596093
  8.2200000000000006  1.2718925007878485 -0.8919219771897531 -0.5326942511058208
  8.2300000000000004  1.2629732810159511 -0.9544221318153688 -0.5333151919090258
  8.2400000000000002  1.2534290596977975 -1.0167480317230344 -0.5339370303773243
  8.2500000000000000  1.2432615793805672 -1.0788819751568064 -0.5345599335836031
  8.2599999999999998  1.2324727596289993 -1.1408052010141925 -0.5351840889766279
  8.2699999999999996  1.2210647076188574 -1.2024978325762776 -0.5358097050742390
  8.2799999999999994  1.2090397292930946 -1.2639388243625214 -0.5364370120257620
  8.2900000000000009  1.1964003410494692 -1.3251059124355715 -0.5370662620301729
  8.3000000000000007  1.1831492819251135 -1.3859755684991506 -0.5376977295960905
  8.3100000000000005  1.1692895262401219 -1.4465229581490127 -0.5383317116293225
  8.3200000000000003  1.1548242966586317 -1.5067219036527741 -0.5389685273335081
  8.3300000000000001  1.1397570776221040 -1.5665448516487066 -0.5396085179094103
  8.3399999999999999  1.1240916291056169 -1.6259628461659255 -0.5402520460386055
  8.3499999999999996  1.1078320006439577 -1.6849455073783821 -0.5408994951378094
  8.3599999999999994  1.0909825455701738 -1.7434610165122109 -0.5415512683707975
  8.3700000000000010  1.0735479354050517 -1.8014761073298284 -0.5422077874059306
  8.3800000000000008  1.0555331743317533 -1.8589560646142498 -0.5428694909086655
  8.3900000000000006  1.0369436136856107 -1.9158647300728877 -0.5435368327601604
  8.4000000000000004  1.0177849663848819 -1.9721645160711736 -0.5442102799951791
  8.4100000000000001  0.9980633212241702 -2.0278164275921973 -0.5448903104549894
  8.4199999999999999  0.9777851569482482 -2.0827800927987825 -0.5455774101538187
  8.4299999999999997  0.9569573560202603 -2.1370138025485765 -0.5462720703607045
  8.4399999999999995  0.9355872179947745 -2.1904745591804877 -0.5469747844022264
  8.4499999999999993  0.9136824724029696 -2.2431181348518305 -0.5476860441956122
  8.4600000000000009  0.8912512910544513 -2.2948991396596172 -0.5484063365260692
  8.4700000000000006  0.8683022996578552 -2.3457710997264209 -0.5491361390868044
  8.4800000000000004  0.8448445886605910 -2.3956865453710670 -0.5498759163050784
  8.4900000000000002  0.8208877232068803 -2.4445971094171548 -0.5506261149826532
  8.5000000000000000  0.7964417521127087 -2.4924536356182694 -0.5513871597841205
  8.5099999999999998  0.7715172157565260 -2.5392062970980174 -0.5521594486116779
  8.5199999999999996  0.7461251527855458 -2.5848047246161840 -0.5529433479099219
  8.5299999999999994  0.7202771055393840 -2.6291981443800014 -0.5537391879489633
  8.5400000000000009  0.6939851240955839 -2.6723355250224774 -0.5545472581385702
  8.5500000000000007  0.6672617688453591 -2.7141657332689393 -0.5553678024299495
  8.5600000000000005  0.6401201115126698 -2.7546376977094651 -0.5562010148650507
  8.5700000000000003  0.6125737345355752 -2.7937005799899550 -0.5570470353358263
  8.5800000000000001  0.5846367287356756 -2.8313039526296366 -0.5579059456175175
  8.5899999999999999  0.5563236892093792 -2.8673979825692832 -0.5587777657406925
  8.5999999999999996  0.5276497093836864 -2.9019336194540024 -0.5596624507663128
  8.6099999999999994  0.4986303731891464 -2.9348627875587963 -0.5605598880264491
  8.6200000000000010  0.4692817453135584 -2.9661385801759557 -0.5614698948903694
  8.6300000000000008  0.4396203595117989 -2.9957154552025154 -0.5623922171115252
  8.6400000000000006  0.4096632049597738 -3.0235494305951915 -0.5633265278054422
  8.6500000000000004  0.3794277106538219 -3.0495982783011524 -0.5642724271017565
  8.6600000000000001  0.3489317278708103 -3.0738217152272327 -0.5652294425056146
  8.6699999999999999  0.3181935107185380 -3.0961815897792446 -0.5661970299945467
  8.6799999999999997  0.2872316948207456 -3.1166420624881241 -0.5671745758668036
  8.6899999999999995  0.2560652741958643 -3.1351697792418483 -0.5681613993462029
  8.7000000000000011  0.2247135764034459 -3.1517340356621415 -0.5691567559370088
  8.7100000000000009  0.1931962360468245 -3.1663069312034624 -0.5701598415103948
  8.7200000000000006  0.1615331667347898 -3.1788635116088000 -0.5711697970919940
  8.7300000000000004  0.1297445316187018 -3.1893818984322571 -0.5721857143080638
  8.7400000000000002  0.0978507126343793 -3.1978434044317474 -0.5732066414362751
  8.7500000000000000  0.0658722785900618 -3.2042326337455140 -0.5742315899962638
  8.7599999999999998  0.0338299522526066 -3.2085375658923843 -0.5752595418051856
  8.7699999999999996  0.0017445765936828 -3.2107496227761669 -0.5762894564148082
  8.7799999999999994 -0.0303629196340789 -3.2108637180275181 -0.5773202788393972
  8.7900000000000009 -0.0624715568143541 -3.2088782881798394 -0.5783509474780288
  8.8000000000000007 -0.0945603396961524 -3.2047953053469511 -0.5793804021310478
  8.8100000000000005 -0.1266082927496220 -3.1986202712468925 -0.5804075920084408
  8.8200000000000003 -0.1585944954620909 -3.1903621925955639 -0.5814314836278098
  8.8300000000000001 -0.1904981173880465 -3.1800335380732974 -0.5824510685015700
  8.8399999999999999 -0.2222984527687795 -3.1676501772441181 -0.5834653705167507
  8.8499999999999996 -0.2539749545412207 -3.1532313019787002 -0.5844734529164297
  8.8599999999999994 -0.2855072675610076 -3.1367993310953146 -0.5854744247990691
  8.8700000000000010 -0.3168752608719608 -3.1183797990859561 -0.5864674470607893
  8.8800000000000008 -0.3480590588628203 -3.0980012299351816 -0.5874517377155963
  8.8900000000000006 -0.3790390711621722 -3.0756949971650593 -0.5884265765396064
  8.9000000000000004 -0.4097960211338227 -3.0514951713494232 -0.5893913089970226
  8.9100000000000001 -0.4403109728473170 -3.0254383564330589 -0.5903453494178315
  8.9199999999999999 -0.4705653564116475 -2.9975635162656213 -0.5912881834095238
  8.9299999999999997 -0.5005409915743038 -2.9679117928154080 -0.5922193694973970
  8.9399999999999995 -0.5302201095024578 -2.9365263175644158 -0.5931385399998670
  8.9500000000000011 -0.5595853726781019 -2.9034520176035237 -0.5940454011564644
  8.9600000000000009 -0.5886198928541372 -2.8687354179456750 -0.5949397325366161
  8.9700000000000006 -0.6173072470335940 -2.8324244415563582 -0.5958213857667241
  8.9800000000000004 -0.6456314914491575 -2.7945682085655892 -0.5966902826213036
  8.9900000000000002 -0.6735771735348134 -2.7552168360752760 -0.5975464125309269
  9.0000000000000000 -0.7011293418955662 -2.7144212399118222 -0.5983898295653736
  9.0099999999999998 -0.7282735542946844 -2.6722329395977371 -0.5992206489546759
  9.0199999999999996 -0.7549958836906618 -2.6287038677296573 -0.6000390432136544
  9.0299999999999994 -0.7812829223679584 -2.5838861848553676 -0.6008452379371645
  9.0400000000000009 -0.8071217842165120 -2.5378321008410101 -0.6016395073335872
  9.0500000000000007 -0.8325001052249221 -2.4905937036135080 -0.6024221695632825
  9.0600000000000005 -0.8574060422610572 -2.4422227960541409 -0.6031935819468481
  9.0700000000000003 -0.8818282702215986 -2.3927707417088344 -0.6039541361051952
  9.0800000000000001 -0.9057559776386870 -2.3422883198707223 -0.6047042530898592
  9.0899999999999999 -0.9291788608373942 -2.2908255904823389 -0.6054443785577079
  9.0999999999999996 -0.9520871167422176 -2.2384317691997109 -0.6061749780394377
  9.1099999999999994 -0.9744714344342147 -2.1851551128598050 -0.6068965323461180
  9.1200000000000010 -0.9963229855628127 -2.1310428154972390 -0.6076095331526872
  9.1300000000000008 -1.0176334137177852 -2.0761409149666554 -0.6083144787918162
  9.1400000000000006 -1.0383948228674518 -2.0204942101443852 -0.6090118702861049
  9.1500000000000004 -1.0585997649688956 -1.9641461886074012 -0.6097022076412038
  9.1600000000000001 -1.0782412268549697 -1.9071389646194670 -0.6103859864173007
  9.1699999999999999 -1.0973126165011644 -1.8495132271939410 -0.6110636945915096
  9.1799999999999997 -1.1158077487731037 -1.7913081979499728 -0.6117358097191365
  9.1899999999999995 -1.1337208307526034 -1.7325615984337321 -0.6124027963975986
  9.2000000000000011 -1.1510464467369408 -1.6733096265386622 -0.6130651040329860
  9.2100000000000009 -1.1677795430023274 -1.6135869416282573 -0.6137231649058847
  9.2200000000000006 -1.1839154124186100 -1.5534266579412028 -0.6143773925301508
  9.2300000000000004 -1.1994496789980220 -1.4928603458414387 -0.6150281802958133
  9.2400000000000002 -1.2143782824564364 -1.4319180404643828 -0.6156759003852141
  9.2500000000000000 -1.2286974628610803 -1.3706282573046673 -0.6163209029497982
  9.2599999999999998 -1.2424037454341270 -1.3090180142897885 -0.6169635155336921
  9.2699999999999996 -1.2554939255770250 -1.2471128598875179 -0.6176040427292384
  9.2799999999999994 -1.2679650541759002 -1.1849369068022475 -0.6182427660490701
  9.2900000000000009 -1.2798144232439226 -1.1225128708261092 -0.6188799439989543
  9.3000000000000007 -1.2910395519521838 -1.0598621144242155 -0.6195158123355853
  9.3100000000000005 -1.3016381730964259 -0.9970046946492248 -0.6201505844936528
  9.3200000000000003 -1.3116082200429182 -0.9339594149981661 -0.6207844521668791
  9.3300000000000001 -1.3209478141928999 -0.8707438808436238 -0.6214175860282056
  9.3399999999999999 -1.3296552530013361 -0.8073745580915765 -0.6220501365749596
  9.3499999999999996 -1.3377289985822518 -0.7438668347390158 -0.6226822350855674
  9.3599999999999994 -1.3451676669296420 -0.6802350850255907 -0.6233139946751864
  9.3700000000000010 -1.3519700177798979 -0.6164927358946193 -0.6239455114384729
  9.3800000000000008 -1.3581349451388440 -0.5526523354995806 -0.6245768656686075
  9.3900000000000006 -1.3636614684938397 -0.4887256235123977 -0.6252081231425486
  9.4000000000000004 -1.3685487247289636 -0.4247236030092121 -0.6258393364633867
  9.4100000000000001 -1.3727959607590556 -0.3606566137277286 -0.6264705464514835
  9.4199999999999999 -1.3764025268963329 -0.2965344065073989 -0.6271017835768911
  9.4299999999999997 -1.3793678709614070 -0.2323662187395621 -0.6277330694262784
  9.4399999999999995 -1.3816915331488027 -0.1681608506690297 -0.6283644181982628
  9.4500000000000011 -1.3833731416554929 -0.1039267424013895 -0.6289958382216447
  9.4600000000000009 -1.3844124090795067 -0.0396720514814048 -0.6296273334915541
  9.4700000000000006 -1.3848091295943208  0.0245952690827761 -0.6302589052189425
  9.4800000000000004 -1.3845631769034930  0.0888673924673632 -0.6308905533891975
  9.4900000000000002 -1.3836745029788193  0.1531365394647435 -0.6315222783258829
  9.5000000000000000 -1.3821431375841720  0.2173948998077574 -0.6321540822557477
  9.5099999999999998 -1.3799691885860943  0.2816345534930197 -0.6327859708711985
  9.5199999999999996 -1.3771528430511641  0.3458473922100115 -0.6334179548863532
  9.5299999999999994 -1.3736943691290640  0.4100250409847711 -0.6340500515826375
  9.5400000000000009 -1.3695941187192162  0.4741587801510438 -0.6346822863396315
  9.5500000000000007 -1.3648525309177058  0.5382394677677113 -0.6353146941465033
  9.5600000000000005 -1.3594701362400285  0.6022574626091652 -0.6359473210889219
  9.5700000000000003 -1.3534475616139370  0.6662025478649847 -0.6365802258058046
  9.5800000000000001 -1.3467855361352872  0.7300638556967511 -0.6372134809096173
  9.5899999999999999 -1.3394848975783196  0.7938297928130357 -0.6378471743632539
  9.5999999999999996 -1.3315465996501892  0.8574879672384067 -0.6384814108057457
  9.6099999999999994 -1.3229717199778050  0.9210251164686527 -0.6391163128182120
  9.6200000000000010 -1.3137614688131185  0.9844270372221462 -0.6397520221206052
  9.6300000000000008 -1.3039171984408970  1.0476785170162592 -0.6403887006888640
  9.6400000000000006 -1.2934404132707344  1.1107632678177997 -0.6410265317811776
  9.6500000000000004 -1.2823327805925564  1.1736638620373745 -0.6416657208611212
  9.6600000000000001 -1.2705961419721827  1.2363616711591852 -0.6423064964045104
  9.6699999999999999 -1.2582325252605908  1.2988368073197591 -0.6429491105759466
  9.6799999999999997 -1.2452441571873931  1.3610680681712470 -0.6435938397602325
  9.6899999999999995 -1.2316334765056807  1.4230328853868417 -0.6442409849331063
  9.7000000000000011 -1.2174031476518123  1.4847072771872689 -0.6448908718551705
  9.7100000000000009 -1.2025560748799398  1.5460658052877669 -0.6455438510724452
  9.7200000000000006 -1.1870954168270620  1.6070815366841051 -0.6462002977067434
  9.7300000000000004 -1.1710246014602210  1.6677260107135490 -0.6468606110190309
  9.7400000000000002 -1.1543473413530856  1.7279692118417735 -0.6475252137291760
  9.7500000000000000 -1.1370676492346679  1.7877795486390702 -0.6481945510760290
  9.7599999999999998 -1.1191898537482772  1.8471238394182421 -0.6488690896026319
  9.7699999999999996 -1.1007186153540947  1.9059673050118078 -0.6495493156525856
  9.7799999999999994 -1.0816589423039766  1.9642735691669675 -0.6502357335652207
  9.7900000000000009 -1.0620162066123069  2.0220046670326672 -0.6509288635592794
  9.8000000000000007 -1.0417961599419803  2.0791210622034746 -0.6516292392972933
  9.8100000000000005 -1.0210049493199456  2.1355816727693013 -0.6523374051258102
  9.8200000000000003 -0.9996491325922525  2.1913439067977665 -0.6530539129900388
  9.8300000000000001 -0.9777356935242748  2.2463637076467040 -0.6537793190253887
  9.8399999999999999 -0.9552720564478078  2.3005956094675670 -0.6545141798327219
  9.8499999999999996 -0.9322661003531321  2.3539928032159017 -0.6552590484489316
  9.8599999999999994 -0.9087261723209731  2.4065072134324041 -0.6560144700296198
  9.8700000000000010 -0.8846611001866490  2.4580895859971488 -0.6567809772661866
  9.8800000000000008 -0.8600802043266775  2.5086895869903576 -0.6575590855654128
  9.8900000000000006 -0.8349933084567740  2.5582559127156248 -0.6583492880255941
  9.9000000000000004 -0.8094107493296178  2.6067364108560915 -0.6591520502493509
  9.9100000000000001 -0.7833433852210568  2.6540782126410329 -0.6599678050392441
  9.9199999999999999 -0.7568026030946465  2.7002278758002882 -0.6607969470282107
  9.9299999999999997 -0.7298003243366437  2.7451315379776475 -0.6616398273023694
  9.9399999999999995 -0.7023490089568671  2.7887350801626862 -0.6624967480788639
  9.9500000000000011 -0.6744616581552403  2.8309842995847094 -0.6633679575058649
  9.9600000000000009 -0.6461518151593932  2.8718250913937635 -0.6642536446555825
  9.9700000000000006 -0.6174335642454556  2.9112036383336015 -0.6651539347838811
  9.9800000000000004 -0.5883215278621196  2.9490666074916776 -0.6660688849317575
  9.9900000000000002 -0.5588308617872028  2.9853613530935417 -0.6669984799443682
 10.0000000000000000 -0.5289772482562674  3.0200361241953013 -0.6679426289823898
