  0.0000000000000000  1.0471975511965976  0.0000000000000000  0.0000000000000000
  0.0100000000000000  1.0469143608895601 -0.0566380614075023 -0.0000000401049305
  0.0200000000000000  1.0460648362814176 -0.1132575930855378 -0.0000000803212681
  0.0300000000000000  1.0446492554240463 -0.1698400153795731 -0.0000001208451870
  0.0400000000000000  1.0426680825286125 -0.2263666520008969 -0.0000001619501173
  0.0500000000000000  1.0401219691721344 -0.2828186821921118 -0.0000002039852780
  0.0600000000000000  1.0370117559799545 -0.3391770934774238 -0.0000002473736822
  0.0700000000000000  1.0333384747772938 -0.3954226351949416 -0.0000002926096250
  0.0800000000000000  1.0291033512010757 -0.4515357730100706 -0.0000003402556377
  0.0900000000000000  1.0243078077612080 -0.5074966446113204 -0.0000003909389095
  0.1000000000000000  1.0189534673384879 -0.5632850167923720 -0.0000004453471689
  0.1100000000000000  1.0130421571042378 -0.6188802441269896 -0.0000005042240214
  0.1200000000000000  1.0065759128447076 -0.6742612294462158 -0.0000005683637376
  0.1300000000000000  0.9995569836711625 -0.7294063863301437 -0.0000006386054929
  0.1400000000000000  0.9919878370944457 -0.7842936038293049 -0.0000007158270587
  0.1500000000000000  0.9838711644406349 -0.8389002136332009 -0.0000008009379477
  0.1600000000000000  0.9752098865822314 -0.8932029599056029 -0.0000008948720216
  0.1700000000000000  0.9660071599571087 -0.9471779720077974 -0.0000009985795730
  0.1800000000000000  0.9562663828452354 -1.0008007403317885 -0.0000011130189004
  0.1900000000000000  0.9459912018709606 -1.0540460954654274 -0.0000012391474009
  0.2000000000000000  0.9351855186964375 -1.1068881909103341 -0.0000013779122090
  0.2100000000000000  0.9238534968695540 -1.1593004895711327 -0.0000015302404219
  0.2200000000000000  0.9119995687875783 -1.2112557542307607 -0.0000016970289605
  0.2300000000000000  0.8996284427355941 -1.2627260422212405 -0.0000018791341188
  0.2400000000000000  0.8867451099567426 -1.3136827044921537 -0.0000020773608695
  0.2500000000000000  0.8733548517093046 -1.3640963892699514 -0.0000022924520031
  0.2600000000000000  0.8594632462637752 -1.4139370504900137 -0.0000025250771807
  0.2700000000000000  0.8450761757913284 -1.4631739611698817 -0.0000027758220027
  0.2800000000000000  0.8301998330934545 -1.5117757318761986 -0.0000030451771937
  0.2900000000000000  0.8148407281211167 -1.5597103344194976 -0.0000033335280218
  0.3000000000000000  0.7990056942305299 -1.6069451308899818 -0.0000036411440734
  0.3100000000000000  0.7827018941216412 -1.6534469081237868 -0.0000039681695143
  0.3200000000000000  0.7659368254046275 -1.6991819176628897 -0.0000043146139810
  0.3300000000000000  0.7487183257392286 -1.7441159212428299 -0.0000046803442337
  0.3400000000000000  0.7310545774915433 -1.7882142418107909 -0.0000050650767265
  0.3500000000000000  0.7129541118530587 -1.8314418200424667 -0.0000054683712374
  0.3600000000000000  0.6944258123671707 -1.8737632762896257 -0.0000058896257051
  0.3700000000000000  0.6754789178093279 -1.9151429778516011 -0.0000063280724110
  0.3800000000000000  0.6561230243681914 -1.9555451114233136 -0.0000067827756447
  0.3900000000000000  0.6363680870768890 -1.9949337605301642 -0.0000072526309784
  0.4000000000000000  0.6162244204455515 -2.0332729877165825 -0.0000077363662567
  0.4100000000000000  0.5957026982488709 -2.0705269212105519 -0.0000082325444068
  0.4200000000000000  0.5748139524254224 -2.1066598457415378 -0.0000087395681359
  0.4300000000000000  0.5535695710489404 -2.1416362971443781 -0.0000092556865841
  0.4400000000000000  0.5319812953356370 -2.1754211603374043 -0.0000097790039477
  0.4500000000000000  0.5100612156559891 -2.2079797702199069 -0.0000103074900881
  0.4600000000000000  0.4878217665241782 -2.2392780149926379 -0.0000108389930926
  0.4700000000000000  0.4652757205435338 -2.2692824413659487 -0.0000113712537331
  0.4800000000000000  0.4424361812918718 -2.2979603610840327 -0.0000119019217262
  0.4900000000000000  0.4193165751365084 -2.3252799581611878 -0.0000124285736778
  0.5000000000000000  0.3959306419749219 -2.3512103961976205 -0.0000129487325509
  0.5100000000000000  0.3722924249034913 -2.3757219251186941 -0.0000134598884700
  0.5200000000000000  0.3484162588234046 -2.3987859866631829 -0.0000139595206408
  0.5300000000000000  0.3243167579996539 -2.4203753179335532 -0.0000144451201396
  0.5400000000000000  0.3000088025959503 -2.4404640523149546 -0.0000149142133015
  0.5500000000000000  0.2755075242153390 -2.4590278170698601 -0.0000153643854086
  0.5600000000000001  0.2508282904832102 -2.4760438269223788 -0.0000157933043783
  0.5700000000000001  0.2259866887162052 -2.4914909729603933 -0.0000161987441194
  0.5800000000000000  0.2009985087271492 -2.5053499062049132 -0.0000165786072370
  0.5900000000000000  0.1758797248225237 -2.5176031152243601 -0.0000169309467597
  0.6000000000000000  0.1506464770550542 -2.5282349972067757 -0.0000172539865662
  0.6100000000000000  0.1253150517996682 -2.5372319219449375 -0.0000175461402052
  0.6200000000000000  0.0999018617262998 -2.5445822882377009 -0.0000178060278273
  0.6300000000000000  0.0744234252477295 -2.5502765722651084 -0.0000180324909560
  0.6400000000000000  0.0488963455247864 -2.5543073675543648 -0.0000182246048772
  0.6500000000000000  0.0233372891147601 -2.5566694162179728 -0.0000183816884460
  0.6600000000000000 -0.0022370356482749 -2.5573596312134623 -0.0000185033111535
  0.6700000000000000 -0.0278099004503627 -2.5563771094453771 -0.0000185892973465
  0.6800000000000000 -0.0533645788795052 -2.5537231356036547 -0.0000186397275328
  0.6900000000000001 -0.0788843682994605 -2.5494011767073350 -0.0000186549367456
  0.7000000000000001 -0.1043526116225846 -2.5434168673977151 -0.0000186355100111
  0.7100000000000000 -0.1297527188896188 -2.5357779860997072 -0.0000185822749803
  0.7200000000000000 -0.1550681885658845 -2.5264944222432995 -0.0000184962918552
  0.7300000000000000 -0.1802826284656205 -2.5155781348077824 -0.0000183788407710
  0.7400000000000000 -0.2053797762191771 -2.5030431025189039 -0.0000182314068402
  0.7500000000000000 -0.2303435192014068 -2.4889052660925755 -0.0000180556630933
  0.7600000000000000 -0.2551579138438328 -2.4731824629774111 -0.0000178534515880
  0.7700000000000000 -0.2798072042579823 -2.4558943551016363 -0.0000176267629721
  0.7800000000000000 -0.3042758401025760 -2.4370623501771558 -0.0000173777148191
  0.7900000000000000 -0.3285484936330133 -2.4167095171544291 -0.0000171085290479
  0.8000000000000000 -0.3526100758777196 -2.3948604964558813 -0.0000168215087579
  0.8100000000000001 -0.3764457518923480 -2.3715414056426813 -0.0000165190148054
  0.8200000000000001 -0.4000409550494978 -2.3467797411897249 -0.0000162034424360
  0.8300000000000001 -0.4233814003284407 -2.3206042770565452 -0.0000158771982803
  0.8400000000000000 -0.4464530965762692 -2.2930449607477765 -0.0000155426780046
  0.8500000000000000 -0.4692423577188329 -2.2641328075558658 -0.0000152022448745
  0.8600000000000000 -0.4917358129067310 -2.2338997936712914 -0.0000148582094808
  0.8700000000000000 -0.5139204155884315 -2.2023787488319697 -0.0000145128108353
  0.8800000000000000 -0.5357834515092212 -2.1696032491642239 -0.0000141681990147
  0.8900000000000000 -0.5573125456411051 -2.1356075108432062 -0.0000138264195073
  0.9000000000000000 -0.5784956680549165 -2.1004262851715021 -0.0000134893993751
  0.9100000000000000 -0.5993211387517334 -2.0640947556414235 -0.0000131589353105
  0.9200000000000000 -0.6197776314761745 -2.0266484375098033 -0.0000128366836449
  0.9300000000000000 -0.6398541765392448 -1.9881230803745598 -0.0000125241523203
  0.9400000000000001 -0.6595401626830931 -1.9485545742005344 -0.0000122226948247
  0.9500000000000001 -0.6788253380243017 -1.9079788591986990 -0.0000119335060405
  0.9600000000000000 -0.6976998101161528 -1.8664318399184041 -0.0000116576199607
  0.9700000000000000 -0.7161540451736877 -1.8239493038674239 -0.0000113959091768
  0.9800000000000000 -0.7341788665082982 -1.7805668449296941 -0.0000111490860479
  0.9900000000000000 -0.7517654522210648 -1.7363197918063014 -0.0000109177054282
  1.0000000000000000 -0.7689053322060944 -1.6912431416619251 -0.0000107021688311
  1.0100000000000000 -0.7855903845167154 -1.6453714991169202 -0.0000105027298865
  1.0200000000000000 -0.8018128311485884 -1.5987390206849235 -0.0000103195009562
  1.0300000000000000 -0.8175652332945877 -1.5513793647175425 -0.0000101524607545
  1.0400000000000000 -0.8328404861267434 -1.5033256468815730 -0.0000100014628317
  1.0500000000000000 -0.8476318131606092 -1.4546104011604941 -0.0000098662447725
  1.0600000000000001 -0.8619327602571801 -1.4052655463408181 -0.0000097464379716
  1.0700000000000001 -0.8757371893169381 -1.3553223579153404 -0.0000096415778463
  1.0800000000000001 -0.8890392717197897 -1.3048114453094670 -0.0000095511143607
  1.0900000000000001 -0.9018334815635972 -1.2537627343136095 -0.0000094744227379
  1.1000000000000001 -0.9141145887527280 -1.2022054545841037 -0.0000094108142479
  1.1100000000000001 -0.9258776519865726 -1.1501681320571477 -0.0000093595469730
  1.1200000000000001 -0.9371180116963448 -1.0976785861048008 -0.0000093198364510
  1.1300000000000001 -0.9478312829766962 -1.0447639312489940 -0.0000092908661200
  1.1400000000000001 -0.9580133485567768 -0.9914505832386676 -0.0000092717974896
  1.1500000000000001 -0.9676603518533762 -0.9377642692863950 -0.0000092617799725
  1.1599999999999999 -0.9767686901467033 -0.8837300422540251 -0.0000092599603307
  1.1699999999999999 -0.9853350079172306 -0.8293722985718034 -0.0000092654916866
  1.1799999999999999 -0.9933561903798497 -0.7747147996719258 -0.0000092775420588
  1.1899999999999999 -1.0008293572493809 -0.7197806967153683 -0.0000092953024067
  1.2000000000000000 -1.0077518567692634 -0.6645925583899301 -0.0000093179941485
  1.2100000000000000 -1.0141212600330245 -0.6091724015575518 -0.0000093448761445
  1.2200000000000000 -1.0199353556259168 -0.5535417245299421 -0.0000093752511336
  1.2300000000000000 -1.0251921446119021 -0.4977215427532088 -0.0000094084716182
  1.2400000000000000 -1.0298898358889841 -0.4417324266843636 -0.0000094439451896
  1.2500000000000000 -1.0340268419337253 -0.3855945416451186 -0.0000094811393041
  1.2600000000000000 -1.0376017749536601 -0.3293276894411643 -0.0000095195855037
  1.2700000000000000 -1.0406134434642018 -0.2729513515379851 -0.0000095588830917
  1.2800000000000000 -1.0430608493045757 -0.2164847335871082 -0.0000095987022655
  1.2900000000000000 -1.0449431851052553 -0.1599468110993938 -0.0000096387867126
  1.3000000000000000 -1.0462598322173653 -0.1033563760644548 -0.0000096789556772
  1.3100000000000001 -1.0470103591125099 -0.0467320843174739 -0.0000097191055037
  1.3200000000000001 -1.0471945202595143  0.0099074965435146 -0.0000097592106529
  1.3300000000000001 -1.0468122554826012  0.0665438388854323 -0.0000097993242094
  1.3400000000000001 -1.0458636898035771  0.1231584066077009 -0.0000098395778652
  1.3500000000000001 -1.0443491337686599  0.1797326067437541 -0.0000098801813941
  1.3600000000000001 -1.0422690842586335  0.2362477412908349 -0.0000099214216085
  1.3700000000000001 -1.0396242257790789  0.2926849594629871 -0.0000099636607964
  1.3800000000000001 -1.0364154322254684  0.3490252105632224 -0.0000100073346436
  1.3900000000000001 -1.0326437691159498  0.4052491976723769 -0.0000100529496208
  1.4000000000000001 -1.0283104962826610  0.4613373323541045 -0.0000101010798503
  1.4099999999999999 -1.0234170710104109  0.5172696905777531 -0.0000101523634328
  1.4199999999999999 -1.0179651516095323  0.5730259700634343 -0.0000102074982322
  1.4299999999999999 -1.0119566014076569  0.6285854492563683 -0.0000102672371172
  1.4399999999999999 -1.0053934931430779  0.6839269481404434 -0.0000103323826564
  1.4500000000000000 -0.9982781137402490  0.7390287911037797 -0.0000104037812594
  1.4600000000000000 -0.9906129694458311  0.7938687720717920 -0.0000104823167724
  1.4700000000000000 -0.9824007913015274  0.8484241221256821 -0.0000105689035299
  1.4800000000000000 -0.9736445409277570  0.9026714798263034 -0.0000106644788671
  1.4900000000000000 -0.9643474165900110  0.9565868644647764 -0.0000107699951151
  1.5000000000000000 -0.9545128595175133  1.0101456524619337 -0.0000108864110862
  1.5100000000000000 -0.9441445604415883  1.0633225571384519 -0.0000110146830861
  1.5200000000000000 -0.9332464663189225  1.1160916120762254 -0.0000111557554769
  1.5300000000000000 -0.9218227872027094  1.1684261582889555 -0.0000113105508357
  1.5400000000000000 -0.9098780032225066  1.2202988354158995 -0.0000114799597555
  1.5500000000000000 -0.8974168716315163  1.2716815771470555 -0.0000116648303476
  1.5600000000000001 -0.8844444338779515  1.3225456110805800 -0.0000118659575121
  1.5700000000000001 -0.8709660226551846  1.3728614632037690 -0.0000120840720541
  1.5800000000000001 -0.8569872688835147  1.4225989671773294 -0.0000123198297337
  1.5900000000000001 -0.8425141085746543  1.4717272785887643 -0.0000125738003467
  1.6000000000000001 -0.8275527895284562  1.5202148943243814 -0.0000128464569396
  1.6100000000000001 -0.8121098778099940  1.5680296771905811 -0.0000131381652844
  1.6200000000000001 -0.7961922639538986  1.6151388858936309 -0.0000134491737274
  1.6300000000000001 -0.7798071688418844  1.6615092104630105 -0.0000137796035506
  1.6400000000000001 -0.7629621491986649  1.7071068131766125 -0.0000141294399840
  1.6500000000000001 -0.7456651026510246  1.7518973750166267 -0.0000144985240114
  1.6600000000000001 -0.7279242722946717  1.7958461476528689 -0.0000148865451122
  1.6699999999999999 -0.7097482507137015  1.8389180109157632 -0.0000152930350934
  1.6799999999999999 -0.6911459833980526  1.8810775356842759 -0.0000157173631508
  1.6899999999999999 -0.6721267715052771  1.9222890520750626 -0.0000161587323013
  1.7000000000000000 -0.6527002739142839  1.9625167227781497 -0.0000166161773203
  1.7100000000000000 -0.6328765085204666  2.0017246213419568 -0.0000170885643092
  1.7200000000000000 -0.6126658527238209  2.0398768151667186 -0.0000175745919961
  1.7300000000000000 -0.5920790430642795  2.0769374529207965 -0.0000180727948718
  1.7400000000000000 -0.5711271739615790  2.1128708560494411 -0.0000185815482254
  1.7500000000000000 -0.5498216955204958  2.1476416140007561 -0.0000190990751410
  1.7600000000000000 -0.5281744103662683  2.1812146827494834 -0.0000196234554681
  1.7700000000000000 -0.5061974694794306  2.2135554861563378 -0.0000201526367756
  1.7800000000000000 -0.4839033670041167  2.2446300196595477 -0.0000206844472495
  1.7900000000000000 -0.4613049340091294  2.2744049557566508 -0.0000212166104732
  1.8000000000000000 -0.4384153311866695  2.3028477506990375 -0.0000217467619947
  1.8100000000000001 -0.4152480404795678  2.3299267517898614 -0.0000222724675485
  1.8200000000000001 -0.3918168556341032  2.3556113046483480 -0.0000227912427724
  1.8300000000000001 -0.3681358716819880  2.3798718597807822 -0.0000233005742230
  1.8400000000000001 -0.3442194733617960  2.4026800777811093 -0.0000237979414681
  1.8500000000000001 -0.3200823224969557  2.4240089324725878 -0.0000242808400017
  1.8600000000000001 -0.2957393443543554  2.4438328112967294 -0.0000247468047041
  1.8700000000000001 -0.2712057130145556  2.4621276122571913 -0.0000251934335578
  1.8800000000000001 -0.2464968357915032  2.4788708367345924 -0.0000256184112957
  1.8900000000000001 -0.2216283367464226  2.4940416775035978 -0.0000260195326738
  1.9000000000000001 -0.1966160393471505  2.5076211013060901 -0.0000263947250241
  1.9100000000000001 -0.1714759483305149  2.5195919253638093 -0.0000267420697804
  1.9199999999999999 -0.1462242308313561  2.5299388872503110 -0.0000270598226451
  1.9299999999999999 -0.1208771968473940  2.5386487075852187 -0.0000273464320992
  1.9399999999999999 -0.0954512791142818  2.5457101450631563 -0.0000276005559756
  1.9500000000000000 -0.0699630124698010  2.5511140433849415 -0.0000278210758289
  1.9600000000000000 -0.0444290127901897  2.5548533697190394 -0.0000280071088874
  1.9700000000000000 -0.0188659555849996  2.5569232443862213 -0.0000281580173891
  1.9800000000000000  0.0067094456603860  2.5573209615291139 -0.0000282734151602
  1.9900000000000000  0.0322804613034072  2.5560460006000079 -0.0000283531713281
  2.0000000000000000  0.0578303674316902  2.5531000285740753 -0.0000283974111102
  2.0100000000000002  0.0833424677260947  2.5484868928700712 -0.0000284065136720
  2.0200000000000000  0.1088001152066180  2.5422126050357616 -0.0000283811070885
  2.0300000000000002  0.1341867337692774  2.5342853153297553 -0.0000283220604946
  2.0400000000000000  0.1594858394237762  2.5247152784042166 -0.0000282304735522
  2.0499999999999998  0.1846810611441595  2.5135148103631892 -0.0000281076634081
  2.0600000000000001  0.2097561612477614  2.5006982375381113 -0.0000279551493527
  2.0699999999999998  0.2346950552214796  2.4862818373847690 -0.0000277746354176
  2.0800000000000001  0.2594818309187601  2.4702837719637079 -0.0000275679911950
  2.0899999999999999  0.2841007670555710  2.4527240145183429 -0.0000273372311610
  2.1000000000000001  0.3085363509390296  2.4336242697112014 -0.0000270844928276
  2.1099999999999999  0.3327732953681702  2.4130078881183983 -0.0000268120140365
  2.1200000000000001  0.3567965546525188  2.3908997756153374 -0.0000265221097255
  2.1299999999999999  0.3805913397006207  2.3673262983124945 -0.0000262171484904
  2.1400000000000001  0.4041431321373652  2.3423151837188909 -0.0000258995292590
  2.1499999999999999  0.4274376974158048  2.3158954188225294 -0.0000255716583824
  2.1600000000000001  0.4504610968960984  2.2880971457817489 -0.0000252359274229
  2.1699999999999999  0.4731996988711564  2.2589515559193618 -0.0000248946919079
  2.1800000000000002  0.4956401885254550  2.2284907827029072 -0.0000245502512775
  2.1899999999999999  0.5177695768202628  2.1967477943797258 -0.0000242048302399
  2.2000000000000002  0.5395752083051241  2.1637562869153251 -0.0000238605617027
  2.2100000000000000  0.5610447678618123  2.1295505778581534 -0.0000235194714293
  2.2200000000000002  0.5821662863930597  2.0941655017239871 -0.0000231834645266
  2.2300000000000000  0.6029281454741416  2.0576363074592616 -0.0000228543138414
  2.2400000000000002  0.6233190809908118  2.0199985585054367 -0.0000225336503097
  2.2500000000000000  0.6433281857921073  1.9812880359465159 -0.0000222229552751
  2.2600000000000002  0.6629449113911627  1.9415406451797310 -0.0000219235547598
  2.2700000000000000  0.6821590687513567  1.9007923265057876 -0.0000216366156474
  2.2800000000000002  0.7009608281988552  1.8590789699905095 -0.0000213631437127
  2.2900000000000000  0.7193407185059151  1.8164363349047783 -0.0000211039834128
  2.3000000000000003  0.7372896251921507  1.7728999740048601 -0.0000208598193374
  2.3100000000000001  0.7547987880933682  1.7285051628710193 -0.0000206311791964
  2.3199999999999998  0.7718597982495315  1.6832868344791607 -0.0000204184382215
  2.3300000000000001  0.7884645941649582  1.6372795191385141 -0.0000202218248360
  2.3399999999999999  0.8046054574949699  1.5905172898883868 -0.0000200414274556
  2.3500000000000001  0.8202750082139593  1.5430337134090633 -0.0000198772022733
  2.3599999999999999  0.8354661993201964  1.4948618064662247 -0.0000197289818753
  2.3700000000000001  0.8501723111327263  1.4460339978749974 -0.0000195964845533
  2.3799999999999999  0.8643869452354036  1.3965820959390269 -0.0000194793241648
  2.3900000000000001  0.8781040181225227  1.3465372612918978 -0.0000193770204100
  2.3999999999999999  0.8913177545996362  1.2959299850428314 -0.0000192890093973
  2.4100000000000001  0.9040226809920594  1.2447900721058649 -0.0000192146543756
  2.4199999999999999  0.9162136182122367  1.1931466295716400 -0.0000191532565297
  2.4300000000000002  0.9278856747356506  1.1410280599634146 -0.0000191040657251
  2.4399999999999999  0.9390342395332824  1.0884620592038785 -0.0000190662911277
  2.4500000000000002  0.9496549750068329  1.0354756191066670 -0.0000190391116019
  2.4600000000000000  0.9597438099709957  0.9820950341960083 -0.0000190216858285
  2.4700000000000002  0.9692969327250549  0.9283459126495321 -0.0000190131620734
  2.4800000000000000  0.9783107842540015  0.8742531911527609 -0.0000190126875592
  2.4900000000000002  0.9867820515972123  0.8198411534490180 -0.0000190194173961
  2.5000000000000000  0.9947076614205572  0.7651334523652418 -0.0000190325230351
  2.5100000000000002  1.0020847738255902  0.7101531350923043 -0.0000190512002205
  2.5200000000000000  1.0089107764272609  0.6549226714977228 -0.0000190746764157
  2.5300000000000002  1.0151832787293589  0.5994639852489367 -0.0000191022176923
  2.5400000000000000  1.0209001068246917  0.5437984875264286 -0.0000191331350707
  2.5500000000000003  1.0260592984447936  0.4879471131077277 -0.0000191667903047
  2.5600000000000001  1.0306590983817867  0.4319303586055906 -0.0000192026011145
  2.5699999999999998  1.0346979543028572  0.3757683226462452 -0.0000192400458638
  2.5800000000000001  1.0381745129756850  0.3194807477763849 -0.0000192786676838
  2.5899999999999999  1.0410876169210646  0.2630870638904714 -0.0000193180780550
  2.6000000000000001  1.0434363015068846  0.2066064329727259 -0.0000193579598453
  2.6099999999999999  1.0452197924955928  0.1500577949508688 -0.0000193980698133
  2.6200000000000001  1.0464375040552543  0.0934599144611021 -0.0000194382405836
  2.6299999999999999  1.0470890372423189  0.0368314283259438 -0.0000194783820948
  2.6400000000000001  1.0471741789622397 -0.0198091064517441 -0.0000195184825316
  2.6499999999999999  1.0466929014121225 -0.0764431643738959 -0.0000195586087357
  2.6600000000000001  1.0456453620076425 -0.1330522030060895 -0.0000195989061036
  2.6699999999999999  1.0440319037945185 -0.1896176146043094 -0.0000196395979692
  2.6800000000000002  1.0418530563428934 -0.2461206780040119 -0.0000196809844704
  2.6899999999999999  1.0391095371210257 -0.3025425109665542 -0.0000197234408965
  2.7000000000000002  1.0358022533427405 -0.3588640231792041 -0.0000197674155145
  2.7100000000000000  1.0319323042811182 -0.4150658701065558 -0.0000198134268716
  2.7200000000000002  1.0275009840389138 -0.4711284078931773 -0.0000198620605625
  2.7300000000000000  1.0225097847641889 -0.5270316495196655 -0.0000199139654622
  2.7400000000000002  1.0169604002976063 -0.5827552224168943 -0.0000199698494192
  2.7500000000000000  1.0108547302357731 -0.6382783277460324 -0.0000200304743996
  2.7600000000000002  1.0041948843929296 -0.6935797015547766 -0.0000200966510850
  2.7700000000000000  0.9969831876411642 -0.7486375780230735 -0.0000201692329198
  2.7800000000000002  0.9892221851071840 -0.8034296550142812 -0.0000202491096097
  2.7900000000000000  0.9809146477015022 -0.8579330621500831 -0.0000203372000784
  2.8000000000000003  0.9720635779537087 -0.9121243316294002 -0.0000204344448900
  2.8100000000000001  0.9626722161252772 -0.9659793720128618 -0.0000205417981511
  2.8199999999999998  0.9527440465691460 -1.0194734451949461 -0.0000206602189134
  2.8300000000000001  0.9422828043030838 -1.0725811467855095 -0.0000207906621033
  2.8399999999999999  0.9312924817616426 -1.1252763901209057 -0.0000209340690114
  2.8500000000000001  0.9197773356893073 -1.1775323941220779 -0.0000210913573855
  2.8599999999999999  0.9077418941352942 -1.2293216752127041 -0.0000212634111738
  2.8700000000000001  0.8951909635083477 -1.2806160435045031 -0.0000214510699805
  2.8799999999999999  0.8821296356478475 -1.3313866034489947 -0.0000216551183061
  2.8900000000000001  0.8685632948655870 -1.3816037591451800 -0.0000218762746436
  2.8999999999999999  0.8544976249107472 -1.4312372244806100 -0.0000221151805253
  2.9100000000000001  0.8399386158088785 -1.4802560382689993 -0.0000223723896204
  2.9199999999999999  0.8248925705241514 -1.5286285845307834 -0.0000226483569867
  2.9300000000000002  0.8093661113927603 -1.5763226180437251 -0.0000229434286003
  2.9399999999999999  0.7933661862741985 -1.6233052952687552 -0.0000232578312842
  2.9500000000000002  0.7769000743661882 -1.6695432107316446 -0.0000235916631739
  2.9600000000000000  0.7599753916283681 -1.7150024389138385 -0.0000239448848576
  2.9700000000000002  0.7426000957594570 -1.7596485816758658 -0.0000243173113330
  2.9800000000000000  0.7247824906725288 -1.8034468212042223 -0.0000247086049321
  2.9900000000000002  0.7065312304132978 -1.8463619784376533 -0.0000251182693545
  3.0000000000000000  0.6878553224669316 -1.8883585768914606 -0.0000255456449598
  3.0100000000000002  0.6687641303999162 -1.9294009117590696 -0.0000259899054535
  3.0200000000000000  0.6492673757849076 -1.9694531241288515 -0.0000264500561000
  3.0300000000000002  0.6293751393583331 -2.0084792801114406 -0.0000269249335849
  3.0400000000000000  0.6090978613627711 -2.0464434546288612 -0.0000274132076317
  3.0500000000000003  0.5884463410288452 -2.0833098195721123 -0.0000279133844650
  3.0600000000000001  0.5674317351545283 -2.1190427359889124 -0.0000284238121839
  3.0700000000000003  0.5460655557433578 -2.1536068499185803 -0.0000289426881050
  3.0800000000000001  0.5243596666671169 -2.1869671914470565 -0.0000294680680786
  3.0899999999999999  0.5023262793230213 -2.2190892765124688 -0.0000299978777885
  3.1000000000000001  0.4799779472603582 -2.2499392109509468 -0.0000305299259804
  3.1099999999999999  0.4573275597568218 -2.2794837962342762 -0.0000310619195671
  3.1200000000000001  0.4343883343304588 -2.3076906363160257 -0.0000315914804918
  3.1299999999999999  0.4111738081791343 -2.3345282449716094 -0.0000321161642265
  3.1400000000000001  0.3876978285457218 -2.3599661529909639 -0.0000326334797291
  3.1499999999999999  0.3639745420137535 -2.3839750145606815 -0.0000331409106682
  3.1600000000000001  0.3400183827449959 -2.4065267121560723 -0.0000336359376727
  3.1699999999999999  0.3158440596772766 -2.4275944592532146 -0.0000341160613686
  3.1800000000000002  0.2914665427078274 -2.4471529001669796 -0.0000345788259031
  3.1899999999999999  0.2669010478943466 -2.4651782063236309 -0.0000350218426735
  3.2000000000000002  0.2421630217128745 -2.4816481682861382 -0.0000354428139326
  3.2100000000000000  0.2172681244183229 -2.4965422828669492 -0.0000358395559610
  3.2200000000000002  0.1922322125600552 -2.5098418346866898 -0.0000362100214624
  3.2300000000000000  0.1670713207111910 -2.5215299715680399 -0.0000365523208778
  3.2400000000000002  0.1418016424762458 -2.5315917731916953 -0.0000368647422806
  3.2500000000000000  0.1164395108472421 -2.5400143124855732 -0.0000371457695725
  3.2600000000000002  0.0910013779834801 -2.5467867092688863 -0.0000373940986873
  3.2700000000000000  0.0655037944946731 -2.5519001757288544 -0.0000376086515543
  3.2800000000000002  0.0399633883110806 -2.5553480533690922 -0.0000377885876055
  3.2900000000000000  0.0143968432275654 -2.5571258411343782 -0.0000379333126412
  3.3000000000000003 -0.0111791227888864 -2.5572312144858182 -0.0000380424849118
  3.3100000000000001 -0.0367477794367333 -2.5556640352725459 -0.0000381160183232
  3.3200000000000003 -0.0622924059699179 -2.5524263523201403 -0.0000381540827141
  3.3300000000000001 -0.0877963130473310 -2.5475223927309836 -0.0000381571012023
  3.3399999999999999 -0.1132428644489854 -2.5409585439668914 -0.0000381257446487
  3.3500000000000001 -0.1386154985672596 -2.5327433268585571 -0.0000380609233261
  3.3599999999999999 -0.1638977495833839 -2.5228873597587871 -0.0000379637759367
  3.3700000000000001 -0.1890732682418679 -2.5114033141261998 -0.0000378356561492
  3.3799999999999999 -0.2141258421387746 -2.4983058618922627 -0.0000376781168798
  3.3900000000000001 -0.2390394154435943 -2.4836116150263821 -0.0000374928925586
  3.3999999999999999 -0.2637981079789188 -2.4673390577706180 -0.0000372818796637
  3.4100000000000001 -0.2883862335870986 -2.4495084720668001 -0.0000370471158180
  3.4199999999999999 -0.3127883177185370 -2.4301418567438917 -0.0000367907577672
  3.4300000000000002 -0.3369891141821627 -2.4092628410719659 -0.0000365150585562
  3.4399999999999999 -0.3609736210048587 -2.3868965933208255 -0.0000362223442376
  3.4500000000000002 -0.3847270953531518 -2.3630697249859218 -0.0000359149904283
  3.4600000000000000 -0.4082350674771916 -2.3378101913617448 -0.0000355953990370
  3.4700000000000002 -0.4314833536439274 -2.3111471891532829 -0.0000352659754546
  3.4800000000000000 -0.4544580680333251 -2.2831110518196316 -0.0000349291064936
  3.4900000000000002 -0.4771456335784129 -2.2537331433405980 -0.0000345871393328
  3.5000000000000000 -0.4995327917368161 -2.2230457510875077 -0.0000342423616986
  3.5100000000000002 -0.5216066111881937 -2.1910819784637869 -0.0000338969834810
  3.5200000000000000 -0.5433544954585521 -2.1578756379597253 -0.0000335531199598
  3.5300000000000002 -0.5647641894787335 -2.1234611452396237 -0.0000332127767697
  3.5400000000000000 -0.5858237850904224 -2.0878734148488958 -0.0000328778367216
  3.5500000000000003 -0.6065217255187193 -2.0511477580941735 -0.0000325500485334
  3.5600000000000001 -0.6268468088356854 -2.0133197836117107 -0.0000322310175265
  3.5700000000000003 -0.6467881904442183 -1.9744253010989832 -0.0000319221982847
  3.5800000000000001 -0.6663353846161570 -1.9345002286419783 -0.0000316248892644
  3.5899999999999999 -0.6854782651226295 -1.8935805040268321 -0.0000313402293048
  3.6000000000000001 -0.7042070649983158 -1.8517020003798159 -0.0000310691959720
  3.6099999999999999 -0.7225123754845184 -1.8089004464347169 -0.0000308126056496
  3.6200000000000001 -0.7403851441986979 -1.7652113516819277 -0.0000305711152642
  3.6299999999999999 -0.7578166725804504 -1.7206699366095124 -0.0000303452255319
  3.6400000000000001 -0.7747986126657905 -1.6753110682035921 -0.0000301352855903
  3.6499999999999999 -0.7913229632430663 -1.6291692008339338 -0.0000299414988778
  3.6600000000000001 -0.8073820654448862 -1.5822783226109873 -0.0000297639301177
  3.6699999999999999 -0.8229685978311099 -1.5346719072630353 -0.0000296025132551
  3.6800000000000002 -0.8380755710182575 -1.4863828715468383 -0.0000294570602111
  3.6899999999999999 -0.8526963219106567 -1.4374435381723232 -0.0000293272702954
  3.7000000000000002 -0.8668245075882934 -1.3878856041916126 -0.0000292127401522
  3.7100000000000000 -0.8804540989056910 -1.3377401147750820 -0.0000291129740966
  3.7200000000000002 -0.8935793738552389 -1.2870374422722080 -0.0000290273947166
  3.7300000000000000 -0.9061949107472496 -1.2358072704327103 -0.0000289553536261
  3.7400000000000002 -0.9182955812576752 -1.1840785836438710 -0.0000288961422559
  3.7500000000000000 -0.9298765433928809 -1.1318796610228352 -0.0000288490025862
  3.7600000000000002 -0.9409332344191814 -1.0792380751880892 -0.0000288131377308
  3.7700000000000000 -0.9514613638030208 -1.0261806955220234 -0.0000287877222926
  3.7800000000000002 -0.9614569062057424 -0.9727336957263975 -0.0000287719124241
  3.7900000000000000 -0.9709160945748634 -0.9189225654644647 -0.0000287648555313
  3.8000000000000003 -0.9798354133716742 -0.8647721258773169 -0.0000287656995699
  3.8100000000000001 -0.9882115919728320 -0.8103065487575094 -0.0000287736018956
  3.8200000000000003 -0.9960415982814259 -0.7555493791600276 -0.0000287877376326
  3.8300000000000001 -1.0033226325807854 -0.7005235612289886 -0.0000288073075339
  3.8399999999999999 -1.0100521216620784 -0.6452514670179464 -0.0000288315453156
  3.8500000000000001 -1.0162277132545250 -0.5897549280821093 -0.0000288597244509
  3.8599999999999999 -1.0218472707848407 -0.5340552696220116 -0.0000288911644117
  3.8700000000000001 -1.0269088684903263 -0.4781733469600407 -0.0000289252363592
  3.8799999999999999 -1.0314107869078446 -0.4221295841335421 -0.0000289613682798
  3.8900000000000001 -1.0353515087587766 -0.3659440143908690 -0.0000289990495637
  3.8999999999999999 -1.0387297152479225 -0.3096363223795606 -0.0000290378350341
  3.9100000000000001 -1.0415442827922257 -0.2532258878187053 -0.0000290773484355
  3.9199999999999999 -1.0437942801931261 -0.1967318304503528 -0.0000291172853750
  3.9300000000000002 -1.0454789662643165 -0.1401730560674760 -0.0000291574157356
  3.9399999999999999 -1.0465977879246577 -0.0835683034183741 -0.0000291975855573
  3.9500000000000002 -1.0471503787640271 -0.0269361917894557 -0.0000292377183961
  3.9600000000000000 -1.0471365580878920  0.0297047309299956 -0.0000292778161637
  3.9700000000000002 -1.0465563304444545  0.0863359398962580 -0.0000293179594490
  3.9800000000000000 -1.0454098856362590  0.1429388848672545 -0.0000293583073261
  3.9900000000000002 -1.0436975992162147  0.1994949418604860 -0.0000293990966467
  4.0000000000000000 -1.0414200334660442  0.2559853651072839 -0.0000294406408159
  4.0099999999999998 -1.0385779388532197  0.3123912394986103 -0.0000294833280496
  4.0200000000000005 -1.0351722559604943  0.3686934337188745 -0.0000295276191100
  4.0300000000000002 -1.0312041178801594  0.4248725542659122 -0.0000295740445129
  4.0400000000000000 -1.0266748530631722  0.4809089005573415 -0.0000296232012025
  4.0499999999999998 -1.0215859886112830  0.5367824213259125 -0.0000296757486933
  4.0600000000000005 -1.0159392539982519  0.5924726725091118 -0.0000297324046636
  4.0700000000000003 -1.0097365852041793  0.6479587768411007 -0.0000297939400067
  4.0800000000000001 -1.0029801292448794  0.7032193853579300 -0.0000298611733320
  4.0899999999999999 -0.9956722490761025  0.7582326410297946 -0.0000299349649151
  4.0999999999999996 -0.9878155288502595  0.8129761447367118 -0.0000300162101028
  4.1100000000000003 -0.9794127795011269  0.8674269238063181 -0.0000301058321759
  4.1200000000000001 -0.9704670446298136  0.9215614033343068 -0.0000302047746761
  4.1299999999999999 -0.9609816066630550  0.9753553805092248 -0.0000303139932236
  4.1399999999999997 -0.9509599932526839  1.0287840021637493 -0.0000304344468314
  4.1500000000000004 -0.9404059838829013  1.0818217457739849 -0.0000305670887577
  4.1600000000000001 -0.9293236166497643  1.1344424041265919 -0.0000307128569217
  4.1699999999999999 -0.9177171951751200  1.1866190738704936 -0.0000308726639306
  4.1799999999999997 -0.9055912956150679  1.2383241481653273 -0.0000310473867686
  4.1900000000000004 -0.8929507737209363  1.2895293136325228 -0.0000312378562117
  4.2000000000000002 -0.8798007719087368  1.3402055518067379 -0.0000314448460321
  4.2100000000000000 -0.8661467262911299  1.3903231452751870 -0.0000316690620825
  4.2199999999999998 -0.8519943736241145  1.4398516886800043 -0.0000319111313429
  4.2300000000000004 -0.8373497581189715  1.4887601047440544 -0.0000321715910374
  4.2400000000000002 -0.8222192380684671  1.5370166654634081 -0.0000324508779252
  4.2500000000000000 -0.8066094922349799  1.5845890185899563 -0.0000327493178889
  4.2599999999999998 -0.7905275259470902  1.6314442195052452 -0.0000330671159503
  4.2700000000000005 -0.7739806768502734  1.6775487685615678 -0.0000334043468400
  4.2800000000000002 -0.7569766202567145  1.7228686539386069 -0.0000337609462713
  4.2900000000000000 -0.7395233740389205  1.7673694000335516 -0.0000341367030556
  4.2999999999999998 -0.7216293030117878  1.8110161213696521 -0.0000345312522090
  4.3100000000000005 -0.7033031227481039  1.8537735819727892 -0.0000349440691962
  4.3200000000000003 -0.6845539027731474  1.8956062601279473 -0.0000353744654553
  4.3300000000000001 -0.6653910690851275  1.9364784183877495 -0.0000358215853407
  4.3399999999999999 -0.6458244059496834  1.9763541786636833 -0.0000362844046180
  4.3500000000000005 -0.6258640569185723  2.0151976021876550 -0.0000367617306229
  4.3600000000000003 -0.6055205250250123  2.0529727740874257 -0.0000372522041958
  4.3700000000000001 -0.5848046721109372  2.0896438922747347 -0.0000377543034735
  4.3799999999999999 -0.5637277172446538  2.1251753602999619 -0.0000382663496059
  4.3899999999999997 -0.5423012341910781  2.1595318837825510 -0.0000387865144387
  4.4000000000000004 -0.5205371479008590  2.1926785699826459 -0.0000393128301828
  4.4100000000000001 -0.4984477299892540  2.2245810300370610 -0.0000398432010509
  4.4199999999999999 -0.4760455931806008  2.2552054833424373 -0.0000403754168221
  4.4299999999999997 -0.4533436846995945  2.2845188635308085 -0.0000409071682610
  4.4400000000000004 -0.4303552785963066  2.3124889254484677 -0.0000414360642786
  4.4500000000000002 -0.4070939669979362  2.3390843525185860 -0.0000419596507000
  4.4600000000000000 -0.3835736502866215  2.3642748638420557 -0.0000424754304553
  4.4699999999999998 -0.3598085262092106  2.3880313203701307 -0.0000429808850042
  4.4800000000000004 -0.3358130779316456  2.4103258294670633 -0.0000434734967421
  4.4900000000000002 -0.3116020610574980  2.4311318471716050 -0.0000439507721408
  4.5000000000000000 -0.2871904896371288  2.4504242774633154 -0.0000444102653354
  4.5099999999999998 -0.2625936212008914  2.4681795678434311 -0.0000448496018510
  4.5200000000000005 -0.2378269408566573  2.4843758005508052 -0.0000452665021591
  4.5300000000000002 -0.2129061444986707  2.4989927787512878 -0.0000456588047357
  4.5400000000000000 -0.1878471211812458  2.5120121070638732 -0.0000460244882947
  4.5499999999999998 -0.1626659347170442  2.5234172658189431 -0.0000463616928745
  4.5600000000000005 -0.1373788045655428  2.5331936784827627 -0.0000466687394598
  4.5700000000000003 -0.1120020860827458  2.5413287717277666 -0.0000469441478470
  4.5800000000000001 -0.0865522502081597  2.5478120276796545 -0.0000471866524769
  4.5899999999999999 -0.0610458626694672  2.5526350279294152 -0.0000473952159823
  4.6000000000000005 -0.0354995627891578  2.5557914889604820 -0.0000475690402477
  4.6100000000000003 -0.0099300419805459  2.5572772887075832 -0.0000477075747969
  4.6200000000000001  0.0156459779768937  2.5570904840337176 -0.0000478105223769
  4.6299999999999999  0.0412117667911694  2.5552313189842177 -0.0000478778416571
  4.6399999999999997  0.0667506075476453  2.5517022237511333 -0.0000479097469916
  4.6500000000000004  0.0922458185420998  2.5465078043563056 -0.0000479067052579
  4.6600000000000001  0.1176807749643873  2.5396548231365128 -0.0000478694298232
  4.6699999999999999  0.1430389303413255  2.5311521701880442 -0.0000477988717411
  4.6799999999999997  0.1683038376493718  2.5210108260000665 -0.0000476962083211
  4.6900000000000004  0.1934591700102966  2.5092438155753127 -0.0000475628292531
  4.7000000000000002  0.2184887408863849  2.4958661544020968 -0.0000474003205193
  4.7100000000000000  0.2433765236956557  2.4808947867026956 -0.0000472104463358
  4.7199999999999998  0.2681066707721277  2.4643485164390380 -0.0000469951294135
  4.7300000000000004  0.2926635316012385  2.4462479316068158 -0.0000467564298374
  4.7400000000000002  0.3170316702660698  2.4266153223930846 -0.0000464965228777
  4.7500000000000000  0.3411958820459841  2.4054745938097608 -0.0000462176760634
  4.7599999999999998  0.3651412091155731  2.3828511734458639 -0.0000459222258384
  4.7700000000000005  0.3888529552983813  2.3587719150047497 -0.0000456125541277
  4.7800000000000002  0.4123166998366291  2.3332649983088438 -0.0000452910651214
  4.7900000000000000  0.4355183101450488  2.3063598264635892 -0.0000449601625765
  4.7999999999999998  0.4584439535238931  2.2780869208746108 -0.0000446222279156
  4.8100000000000005  0.4810801078131087  2.2484778148077180 -0.0000442795993685
  4.8200000000000003  0.5034135709765287  2.2175649461706581 -0.0000439345523926
  4.8300000000000001  0.5254314696116558  2.1853815501788865 -0.0000435892815556
  4.8399999999999999  0.5471212663871340  2.1519615525455400 -0.0000432458840587
  4.8500000000000005  0.5684707664162872  2.1173394638087828 -0.0000429063450200
  4.8600000000000003  0.5894681225810865  2.0815502753783277 -0.0000425725246200
  4.8700000000000001  0.6101018398265607  2.0446293578478185 -0.0000422461471781
  4.8799999999999999  0.6303607784509481  2.0066123620814902 -0.0000419287921904
  4.8899999999999997  0.6502341564217712  1.9675351235427292 -0.0000416218873325
  4.9000000000000004  0.6697115507524889  1.9274335702894621 -0.0000413267034030
  4.9100000000000001  0.6887828979784050  1.8863436350172811 -0.0000410443511620
  4.9199999999999999  0.7074384937741063  1.8443011714864637 -0.0000407757799867
  4.9299999999999997  0.7256689917578368  1.8013418756240893 -0.0000405217782535
  4.9400000000000004  0.7434654015309019  1.7575012115478179 -0.0000402829753425
  4.9500000000000002  0.7608190860024431  1.7128143427140059 -0.0000400598451320
  4.9600000000000000  0.7777217580517323  1.6673160683501478 -0.0000398527108600
  4.9699999999999998  0.7941654765815249  1.6210407652904637 -0.0000396617512082
  4.9800000000000004  0.8101426420169986  1.5740223352941571 -0.0000394870074605
  4.9900000000000002  0.8256459913054075  1.5262941578886735 -0.0000393283915976
  5.0000000000000000  0.8406685924718260  1.4778890487454228 -0.0000391856951711
  5.0099999999999998  0.8552038387862615  1.4288392235630420 -0.0000390585988252
  5.0200000000000005  0.8692454425970119  1.3791762674034751 -0.0000389466823161
  5.0300000000000002  0.8827874288844523  1.3289311093990106 -0.0000388494349057
  5.0400000000000000  0.8958241285884909  1.2781340027239534 -0.0000387662659980
  5.0499999999999998  0.9083501717617507  1.2268145097028205 -0.0000386965159072
  5.0600000000000005  0.9203604805991551  1.1750014919077700 -0.0000386394666443
  5.0700000000000003  0.9318502623930289  1.1227231050813449 -0.0000385943526311
  5.0800000000000001  0.9428150024611132  1.0700067987064084 -0.0000385603712487
  5.0899999999999999  0.9532504570930432  1.0168793200332629 -0.0000385366931486
  5.1000000000000005  0.9631526465588883  0.9633667223642137 -0.0000385224722523
  5.1100000000000003  0.9725178482213065  0.9094943773881214 -0.0000385168553905
  5.1200000000000001  0.9813425897907633  0.8552869913515976 -0.0000385189915211
  5.1299999999999999  0.9896236427611026  0.8007686248492730 -0.0000385280404998
  5.1399999999999997  0.9973580160605650  0.7459627160128163 -0.0000385431813614
  5.1500000000000004  1.0045429499511349  0.6908921068769234 -0.0000385636200899
  5.1600000000000001  1.0111759102068774  0.6355790727001573 -0.0000385885968563
  5.1699999999999999  1.0172545825997019  0.5800453540191076 -0.0000386173927216
  5.1799999999999997  1.0227768677187836  0.5243121912156939 -0.0000386493357789
  5.1900000000000004  1.0277408761476754  0.4684003613793891 -0.0000386838067492
  5.2000000000000002  1.0321449240209770  0.4123302172485259 -0.0000387202440175
  5.2100000000000000  1.0359875289802774  0.3561217280175364 -0.0000387581481165
  5.2199999999999998  1.0392674065469725  0.2997945217998074 -0.0000387970856632
  5.2300000000000004  1.0419834669274688  0.2433679295387055 -0.0000388366927473
  5.2400000000000002  1.0441348122642262  0.1868610301621114 -0.0000388766777824
  5.2500000000000000  1.0457207343440562  0.1302926967783999 -0.0000389168238253
  5.2599999999999998  1.0467407127730877  0.0736816437141426 -0.0000389569903658
  5.2700000000000005  1.0471944136258222  0.0170464741957901 -0.0000389971145947
  5.2800000000000002  1.0470816885737368 -0.0395942715208181 -0.0000390372121526
  5.2900000000000000  1.0464025744969307 -0.0962220677681363 -0.0000390773773622
  5.2999999999999998  1.0451572935803750 -0.1528183550261540 -0.0000391177829457
  5.3100000000000005  1.0433462538943759 -0.2093644916174102 -0.0000391586792281
  5.3200000000000003  1.0409700504569228 -0.2658417057323462 -0.0000392003928216
  5.3300000000000001  1.0380294667736438 -0.3222310479804094 -0.0000392433247920
  5.3399999999999999  1.0345254768491297 -0.3785133446636381 -0.0000392879483029
  5.3500000000000005  1.0304592476614143 -0.4346691519712099 -0.0000393348057315
  5.3600000000000003  1.0258321420894052 -0.4906787112955646 -0.0000393845052489
  5.3700000000000001  1.0206457222810377 -0.5465219058731657 -0.0000394377168673
  5.3799999999999999  1.0149017534478852 -0.6021782189556452 -0.0000394951679388
  5.3899999999999997  1.0086022080698875 -0.6576266937199099 -0.0000395576381111
  5.4000000000000004  1.0017492704917537 -0.7128458951286551 -0.0000396259537321
  5.4100000000000001  0.9943453418904756 -0.7678138739555216 -0.0000397009817046
  5.4199999999999999  0.9863930455912254 -0.8225081331917147 -0.0000397836227957
  5.4299999999999997  0.9778952327067322 -0.8769055970531388 -0.0000398748044055
  5.4400000000000004  0.9688549880730343 -0.9309825828088300 -0.0000399754728047
  5.4500000000000002  0.9592756364522868 -0.9847147756525414 -0.0000400865848589
  5.4600000000000000  0.9491607489710823 -1.0380772068395774 -0.0000402090992655
  5.4699999999999998  0.9385141497605235 -1.0910442353102048 -0.0000403439673229
  5.4800000000000004  0.9273399227620793 -1.1435895330190249 -0.0000404921232753
  5.4900000000000002  0.9156424186610764 -1.1956860741863684 -0.0000406544742784
  5.5000000000000000  0.9034262619075367 -1.2473061286829124 -0.0000408318900349
  5.5099999999999998  0.8906963577819876 -1.2984212597521245 -0.0000410251921665
  5.5200000000000005  0.8774578994618658 -1.3490023262666386 -0.0000412351433912
  5.5300000000000002  0.8637163750422185 -1.3990194897040999 -0.0000414624365945
  5.5400000000000000  0.8494775744626123 -1.4484422260152274 -0.0000417076838801
  5.5499999999999998  0.8347475962904992 -1.4972393425416863 -0.0000419714057096
  5.5600000000000005  0.8195328543097983 -1.5453790001237346 -0.0000422540202352
  5.5700000000000003  0.8038400838621435 -1.5928287405174009 -0.0000425558329540
  5.5800000000000001  0.7876763478871601 -1.6395555192181022 -0.0000428770268095
  5.5899999999999999  0.7710490426072846 -1.6855257437620896 -0.0000432176528757
  5.6000000000000005  0.7539659028020594 -1.7307053175489062 -0.0000435776217635
  5.6100000000000003  0.7364350066165561 -1.7750596891972121 -0.0000439566959023
  5.6200000000000001  0.7184647798486106 -1.8185539074129389 -0.0000443544828319
  5.6299999999999999  0.7000639996599431 -1.8611526813129291 -0.0000447704296604
  5.6399999999999997  0.6812417976569863 -1.9028204461091609 -0.0000452038188268
  5.6500000000000004  0.6620076622883880 -1.9435214340185831 -0.0000456537653057
  5.6600000000000001  0.6423714405077130 -1.9832197502217848 -0.0000461192153838
  5.6699999999999999  0.6223433386518461 -2.0218794536505054 -0.0000465989471226
  5.6799999999999997  0.6019339224880187 -2.0594646423397642 -0.0000470915726101
  5.6900000000000004  0.5811541163852449 -2.0959395430355627 -0.0000475955420853
  5.7000000000000002  0.5600152015692701 -2.1312686047041822 -0.0000481091499962
  5.7100000000000000  0.5385288134238967 -2.1654165955445754 -0.0000486305430292
  5.7199999999999998  0.5167069378057587 -2.1983487030617894 -0.0000491577301216
  5.7300000000000004  0.4945619063442506 -2.2300306367173408 -0.0000496885944412
  5.7400000000000002  0.4721063907033619 -2.2604287326326111 -0.0000502209072808
  5.7500000000000000  0.4493533957876010 -2.2895100597842331 -0.0000507523437894
  5.7599999999999998  0.4263162518799796 -2.3172425270967394 -0.0000512805004256
  5.7700000000000005  0.4030086057061346 -2.3435949908080400 -0.0000518029139875
  5.7800000000000002  0.3794444104250458 -2.3685373614581686 -0.0000523170820348
  5.7900000000000000  0.3556379145534170 -2.3920407098317598 -0.0000528204845032
  5.7999999999999998  0.3316036498375695 -2.4140773711703698 -0.0000533106062581
  5.8100000000000005  0.3073564180935915 -2.4346210469625191 -0.0000537849603361
  5.8200000000000003  0.2829112770434343 -2.4536469036175594 -0.0000542411115765
  5.8300000000000001  0.2582835251815765 -2.4711316673344750 -0.0000546767003433
  5.8399999999999999  0.2334886857137252 -2.4870537144887295 -0.0000550894660203
  5.8500000000000005  0.2085424896157120 -2.5013931568793550 -0.0000554772699455
  5.8600000000000003  0.1834608578672079 -2.5141319212046853 -0.0000558381174711
  5.8700000000000001  0.1582598829210504 -2.5252538221683429 -0.0000561701788169
  5.8799999999999999  0.1329558094747713 -2.5347446286570916 -0.0000564718084035
  5.8899999999999997  0.1075650146162882 -2.5425921224786352 -0.0000567415623880
  5.9000000000000004  0.0821039874205895 -2.5487861491999575 -0.0000569782141080
  5.9100000000000001  0.0565893080785602 -2.5533186606848131 -0.0000571807672169
  5.9199999999999999  0.0310376266428115 -2.5561837489918564 -0.0000573484662831
  5.9299999999999997  0.0054656414784309 -2.5573776713619401 -0.0000574808047000
  5.9400000000000004 -0.0201099224910534 -2.5568988660935004 -0.0000575775297704
  5.9500000000000002 -0.0456723356505533 -2.5547479591778517 -0.0000576386448945
  5.9600000000000000 -0.0712048855802895 -2.5509277616407084 -0.0000576644088208
  5.9699999999999998 -0.0966908988696292 -2.5454432576114265 -0.0000576553319773
  5.9800000000000004 -0.1221137627654680 -2.5383015832163656 -0.0000576121699474
  5.9900000000000002 -0.1474569465640606 -2.5295119964664661 -0.0000575359141930
  6.0000000000000000 -0.1727040226572757 -2.5190858383807169 -0.0000574277801857
  6.0099999999999998 -0.1978386871470144 -2.5070364856557559 -0.0000572891931265
  6.0200000000000005 -0.2228447799449677 -2.4933792952566201 -0.0000571217714940
  6.0300000000000002 -0.2477063042789533 -2.4781315413638314 -0.0000569273086712
  6.0400000000000000 -0.2724074455317103 -2.4613123451669576 -0.0000567077529445
  6.0499999999999998 -0.2969325893431916 -2.4429425980439015 -0.0000564651861690
  6.0600000000000005 -0.3212663389130197 -2.4230448787080041 -0.0000562018014314
  6.0700000000000003 -0.3453935314457844 -2.4016433649411910 -0.0000559198800232
  6.0800000000000001 -0.3692992536882126 -2.3787637405606228 -0.0000556217680610
  6.0899999999999999 -0.3929688565138397 -2.3544330982884514 -0.0000553098530633
  6.1000000000000005 -0.4163879685176018 -2.3286798392093235 -0.0000549865408084
  6.1100000000000003 -0.4395425085896731 -2.3015335695082397 -0.0000546542327535
  6.1200000000000001 -0.4624186974448193 -2.2730249951824986 -0.0000543153042969
  6.1299999999999999 -0.4850030680904669 -2.2431858154159285 -0.0000539720841273
  6.1400000000000006 -0.5072824752235233 -2.2120486152918404 -0.0000536268348863
  6.1500000000000004 -0.5292441035526769 -2.1796467585035031 -0.0000532817353263
  6.1600000000000001 -0.5508754750493903 -2.1460142806979579 -0.0000529388641317
  6.1699999999999999 -0.5721644551370306 -2.1111857840611714 -0.0000526001855208
  6.1799999999999997 -0.5930992578335132 -2.0751963337204646 -0.0000522675367245
  6.1900000000000004 -0.6136684498684215 -2.0380813565044376 -0.0000519426174050
  6.2000000000000002 -0.6338609538007843 -1.9998765425618539 -0.0000516269810333
  6.2100000000000000 -0.6536660501685049 -1.9606177502997857 -0.0000513220282370
  6.2199999999999998 -0.6730733787048285 -1.9203409150583419 -0.0000510290020772
  6.2300000000000004 -0.6920729386611923 -1.8790819618951200 -0.0000507489852088
  6.2400000000000002 -0.7106550882793063 -1.8368767228076921 -0.0000504828988475
  6.2500000000000000 -0.7288105434583761 -1.7937608586775056 -0.0000502315034410
  6.2599999999999998 -0.7465303756659871 -1.7497697861740318 -0.0000499954009434
  6.2700000000000005 -0.7638060091433357 -1.7049386098142965 -0.0000497750385589
  6.2800000000000002 -0.7806292174572316 -1.6593020593304690 -0.0000495707138273
  6.2900000000000000 -0.7969921194526108 -1.6128944324573320 -0.0000493825809038
  6.2999999999999998 -0.8128871746602210 -1.5657495432125019 -0.0000492106578953
  6.3100000000000005 -0.8283071782146753 -1.5179006757054707 -0.0000490548350989
  6.3200000000000003 -0.8432452553382590 -1.4693805434770946 -0.0000489148840015
  6.3300000000000001 -0.8576948554457183 -1.4202212543392119 -0.0000487904668955
  6.3399999999999999 -0.8716497459248080 -1.3704542806547360 -0.0000486811469762
  6.3500000000000005 -0.8851040056466360 -1.3201104349718951 -0.0000485863987858
  6.3600000000000003 -0.8980520182588535 -1.2692198509023005 -0.0000485056188799
  6.3700000000000001 -0.9104884653135233 -1.2178119691111933 -0.0000484381366082
  6.3799999999999999 -0.9224083192800820 -1.1659155282694924 -0.0000483832248939
  6.3900000000000006 -0.9338068364922203 -1.1135585608010707 -0.0000483401109259
  6.4000000000000004 -0.9446795500757658 -1.0607683932448966 -0.0000483079866713
  6.4100000000000001 -0.9550222629027854 -1.0075716510401764 -0.0000482860191364
  6.4199999999999999 -0.9648310406151536 -0.9539942675332734 -0.0000482733603080
  6.4299999999999997 -0.9741022047587794 -0.9000614969977832 -0.0000482691567210
  6.4400000000000004 -0.9828323260675653 -0.8457979314535697 -0.0000482725586035
  6.4500000000000002 -0.9910182179340069 -0.7912275210666052 -0.0000482827285628
  6.4600000000000000 -0.9986569301011432 -0.7363735979089444 -0.0000482988497783
  6.4699999999999998 -1.0057457426083525 -0.6812589028569205 -0.0000483201336812
  6.4800000000000004 -1.0122821600212650 -0.6259056154054770 -0.0000483458271008
  6.4900000000000002 -1.0182639059738463 -0.5703353861772913 -0.0000483752188674
  6.5000000000000000 -1.0236889180484929 -0.5145693719068140 -0.0000484076458613
  6.5099999999999998 -1.0285553430177996 -0.4586282726813863 -0.0000484424985099
  6.5200000000000005 -1.0328615324694812 -0.4025323712240524 -0.0000484792257287
  6.5300000000000002 -1.0366060388337990 -0.3463015740053978 -0.0000485173393074
  6.5400000000000000 -1.0397876118307245 -0.2899554539746030 -0.0000485564177524
  6.5499999999999998 -1.0424051953519906 -0.2335132947027566 -0.0000485961095782
  6.5600000000000005 -1.0444579247911256 -0.1769941357342368 -0.0000486361360688
  6.5700000000000003 -1.0459451248325367 -0.1204168189445299 -0.0000486762935019
  6.5800000000000001 -1.0468663077087035 -0.0638000357051298 -0.0000487164548477
  6.5899999999999999 -1.0472211719325626 -0.0071623746580888 -0.0000487565709468
  6.6000000000000005 -1.0470096015101946  0.0494776300957055 -0.0000487966711691
  6.6100000000000003 -1.0462316656369754  0.1061014505893962 -0.0000488368635536
  6.6200000000000001 -1.0448876188784075  0.1626905165584693 -0.0000488773344396
  6.6299999999999999 -1.0429779018349048  0.2192261671787517 -0.0000489183475765
  6.6400000000000006 -1.0405031422878634  0.2756896031687734 -0.0000489602427203
  6.6500000000000004 -1.0374641568223983  0.3320618394521038 -0.0000490034337082
  6.6600000000000001 -1.0338619529201645  0.3883236585766668 -0.0000490484060116
  6.6699999999999999 -1.0296977315137050  0.4444555650898647 -0.0000490957137569
  6.6799999999999997 -1.0249728899917663  0.5004377410705286 -0.0000491459762157
  6.6900000000000004 -1.0196890256430031  0.5562500030212142 -0.0000491998737546
  6.7000000000000002 -1.0138479395234441  0.6118717603270734 -0.0000492581432410
  6.7100000000000000 -1.0074516407310148  0.6672819754903833 -0.0000493215729014
  6.7199999999999998 -1.0005023510683082  0.7224591263526745 -0.0000493909966301
  6.7300000000000004 -0.9930025100726613  0.7773811705191660 -0.0000494672877511
  6.7400000000000002 -0.9849547803904330  0.8320255122027456 -0.0000495513522276
  6.7500000000000000 -0.9763620534701981  0.8863689717068940 -0.0000496441213409
  6.7599999999999998 -0.9672274555473646  0.9403877577685757 -0.0000497465438354
  6.7700000000000005 -0.9575543538905087  0.9940574429830611 -0.0000498595775573
  6.7800000000000002 -0.9473463632774967  1.0473529425327206 -0.0000499841806059
  6.7900000000000000 -0.9366073526672455  1.1002484964408754 -0.0000501213020263
  6.7999999999999998 -0.9253414520307722  1.1527176555696117 -0.0000502718720854
  6.8100000000000005 -0.9135530593030055  1.2047332715768952 -0.0000504367921748
  6.8200000000000003 -0.9012468474147013  1.2562674910431670 -0.0000506169243959
  6.8300000000000001 -0.8884277713617348  1.3072917539706856 -0.0000508130808903
  6.8399999999999999 -0.8751010752670452  1.3577767968500360 -0.0000510260129964
  6.8500000000000005 -0.8612722993886160  1.4076926604772790 -0.0000512564003059
  6.8600000000000003 -0.8469472870251001  1.4570087026920213 -0.0000515048397240
  6.8700000000000001 -0.8321321912690649  1.5056936161911099 -0.0000517718346333
  6.8799999999999999 -0.8168334815563746  1.5537154515545804 -0.0000520577842751
  6.8900000000000006 -0.8010579499589521  1.6010416455998253 -0.0000523629734703
  6.9000000000000004 -0.7848127171671170  1.6476390551566349 -0.0000526875628133
  6.9100000000000001 -0.7681052381068915  1.6934739963297734 -0.0000530315794711
  6.9199999999999999 -0.7509433071371352  1.7385122892870890 -0.0000533949087322
  6.9299999999999997 -0.7333350627711420  1.7827193085798674 -0.0000537772864533
  6.9400000000000004 -0.7152889918674256  1.8260600389683188 -0.0000541782925443
  6.9500000000000002 -0.6968139332348673  1.8684991366888719 -0.0000545973456434
  6.9600000000000000 -0.6779190805982211  1.9100009960615214 -0.0000550336991210
  6.9699999999999998 -0.6586139848711835  1.9505298212950817 -0.0000554864385511
  6.9800000000000004 -0.6389085556858637  1.9900497033061180 -0.0000559544807710
  6.9900000000000002 -0.6188130621295490  2.0285247013239101 -0.0000564365746523
  7.0000000000000000 -0.5983381326421511  2.0659189290094329 -0.0000569313036729
  7.0099999999999998 -0.5774947540306670  2.1021966447714595 -0.0000574370903736
  7.0200000000000005 -0.5562942695603801  2.1373223459179997 -0.0000579522027597
  7.0300000000000002 -0.5347483760863675  2.1712608662368753 -0.0000584747626760
  7.0400000000000000 -0.5128691201931628  2.2039774765559113 -0.0000590027561644
  7.0499999999999998 -0.4906688933151302  2.2354379877915336 -0.0000595340457830
  7.0600000000000005 -0.4681604258152228  2.2656088559551426 -0.0000600663848265
  7.0700000000000003 -0.4453567800052913  2.2944572885500900 -0.0000605974333687
  7.0800000000000001 -0.4222713420969588  2.3219513517590293 -0.0000611247760027
  7.0899999999999999 -0.3989178130782322  2.3480600777924741 -0.0000616459411271
  7.1000000000000005 -0.3753101985174475  2.3727535717451187 -0.0000621584215921
  7.1100000000000003 -0.3514627973027873  2.3960031172874561 -0.0000626596964979
  7.1200000000000001 -0.3273901893324173  2.4177812805069010 -0.0000631472538868
  7.1299999999999999 -0.3031072221771940  2.4380620112055049 -0.0000636186140750
  7.1400000000000006 -0.2786289967448487  2.4568207409607301 -0.0000640713533238
  7.1500000000000004 -0.2539708519814702  2.4740344772619709 -0.0000645031275452
  7.1600000000000001 -0.2291483486529366  2.4896818930487314 -0.0000649116957210
  7.1699999999999999 -0.2041772522556010  2.5037434109967154 -0.0000652949427131
  7.1799999999999997 -0.1790735151119560  2.5162012819255071 -0.0000656509011334
  7.1900000000000004 -0.1538532577131083  2.5270396567359401 -0.0000659777719527
  7.2000000000000002 -0.1285327493756270  2.5362446513264096 -0.0000662739435473
  7.2100000000000000 -0.1031283882856122  2.5438044039849372 -0.0000665380088816
  7.2199999999999998 -0.0776566810076117  2.5497091248073209 -0.0000667687805733
  7.2300000000000004 -0.0521342215402281  2.5539511367506029 -0.0000669653035934
  7.2400000000000002 -0.0265776700038582  2.5565249079947661 -0.0000671268654133
  7.2500000000000000 -0.0010037310489518  2.5574270753532344 -0.0000672530034262
  7.2599999999999998  0.0245708679245785  2.5566564585436642 -0.0000673435095333
  7.2700000000000005  0.0501293986446384  2.5542140652037459 -0.0000673984318180
  7.2800000000000002  0.0756551538479851  2.5501030866114300 -0.0000674180732860
  7.2900000000000000  0.1011314690720411  2.5443288841441838 -0.0000674029876948
  7.2999999999999998  0.1265417442652390  2.5368989665866479 -0.0000673539725353
  7.3100000000000005  0.1518694651251140  2.5278229584694598 -0.0000672720592962
  7.3200000000000003  0.1770982240755468  2.5171125596931212 -0.0000671585011540
  7.3300000000000001  0.2022117407974497  2.5047814967587625 -0.0000670147582995
  7.3399999999999999  0.2271938822307351  2.4908454659916628 -0.0000668424811294
  7.3500000000000005  0.2520286819695732  2.4753220692027109 -0.0000666434915690
  7.3600000000000003  0.2767003589776839  2.4582307422869536 -0.0000664197628140
  7.3700000000000001  0.3011933355556484  2.4395926773064311 -0.0000661733977985
  7.3799999999999999  0.3254922544979305  2.4194307386461897 -0.0000659066067130
  7.3900000000000006  0.3495819953833701  2.3977693738673183 -0.0000656216838923
  7.4000000000000004  0.3734476899493143  2.3746345199088523 -0.0000653209844044
  7.4100000000000001  0.3970747365061873  2.3500535053112972 -0.0000650069006551
  7.4199999999999999  0.4204488133561174  2.3240549491483113 -0.0000646818393217
  7.4299999999999997  0.4435558911861546  2.2966686573598620 -0.0000643481988989
  7.4400000000000004  0.4663822444135620  2.2679255171800907 -0.0000640083481356
  7.4500000000000002  0.4889144614675824  2.2378573903464907 -0.0000636646055956
  7.4600000000000000  0.5111394539988936  2.2064970057641755 -0.0000633192205681
  7.4699999999999998  0.5330444650146301  2.1738778522804059 -0.0000629743555061
  7.4800000000000004  0.5546170759432911  2.1400340722006841 -0.0000626320701480
  7.4900000000000002  0.5758452126400370  2.1050003561491195 -0.0000622943074435
  7.5000000000000000  0.5967171503487503  2.0688118398430224 -0.0000619628813647
  7.5099999999999998  0.6172215176427643  2.0315040033153955 -0.0000616394666662
  7.5200000000000005  0.6373472993713085  1.9931125730797672 -0.0000613255906075
  7.5300000000000002  0.6570838386434640  1.9536734276902892 -0.0000610226266380
  7.5400000000000000  0.6764208378857384  1.9132225071067865 -0.0000607317900108
  7.5499999999999998  0.6953483590132480  1.8717957262301168 -0.0000604541352607
  7.5600000000000005  0.7138568227579238  1.8294288929283045 -0.0000601905554776
  7.5700000000000003  0.7319370072001403  1.7861576308290199 -0.0000599417832658
  7.5800000000000001  0.7495800455526958  1.7420173071095439 -0.0000597083932827
  7.5899999999999999  0.7667774232481660  1.6970429654718422 -0.0000594908062292
  7.6000000000000005  0.7835209743823145  1.6512692644481750 -0.0000592892941509
  7.6100000000000003  0.7998028775674889  1.6047304211421256 -0.0000591039869160
  7.6200000000000001  0.8156156512507857  1.5574601604713318 -0.0000589348797178
  7.6299999999999999  0.8309521485522383  1.5094916699418082 -0.0000587818414559
  7.6400000000000006  0.8458055516784098  1.4608575599497253 -0.0000586446238560
  7.6500000000000004  0.8601693659665619  1.4115898295750184 -0.0000585228711782
  7.6600000000000001  0.8740374136140701  1.3617198378023214 -0.0000584161303843
  7.6699999999999999  0.8874038271469653  1.3112782800785179 -0.0000583238616285
  7.6799999999999997  0.9002630426804584  1.2602951700926748 -0.0000582454489553
  7.6900000000000004  0.9126097930230448  1.2087998266432531 -0.0000581802110826
  7.7000000000000002  0.9244391006743399  1.1568208654392103 -0.0000581274121787
  7.7100000000000000  0.9357462707651777  1.1043861956658416 -0.0000580862725228
  7.7199999999999998  0.9465268839867395  1.0515230211328275 -0.0000580559789838
  7.7300000000000004  0.9567767895535926  0.9982578458108361 -0.0000580356952276
  7.7400000000000002  0.9664920982435347  0.9446164835540259 -0.0000580245715982
  7.7500000000000000  0.9756691755550694  0.8906240717987283 -0.0000580217546147
  7.7599999999999998  0.9843046350212135  0.8363050890233057 -0.0000580263960384
  7.7700000000000005  0.9923953317161625  0.7816833757504907 -0.0000580376614749
  7.7800000000000002  0.9999383559891398  0.7267821588712314 -0.0000580547384812
  7.7900000000000000  1.0069310274575360  0.6716240790680226 -0.0000580768441507
  7.7999999999999998  1.0133708892892233  0.6162312211157059 -0.0000581032321672
  7.8100000000000005  1.0192557028017113  0.5606251468386009 -0.0000581331993093
  7.8200000000000003  1.0245834424036064  0.5048269305044059 -0.0000581660914076
  7.8300000000000001  1.0293522909016484  0.4488571964374359 -0.0000582013087418
  7.8399999999999999  1.0335606351944369  0.3927361586362674 -0.0000582383108840
  7.8500000000000005  1.0372070623718255  0.3364836621836156 -0.0000582766209924
  7.8600000000000003  1.0402903562368506  0.2801192262391308 -0.0000583158295548
  7.8700000000000001  1.0428094942649853  0.2236620884086510 -0.0000583555975886
  7.8799999999999999  1.0447636450134568  0.1671312502861822 -0.0000583956593092
  7.8900000000000006  1.0461521659913442  0.1105455239673940 -0.0000584358242581
  7.9000000000000004  1.0469746019991699  0.0539235793356373 -0.0000584759789144
  7.9100000000000001  1.0472306839447205 -0.0027160080766519 -0.0000585160877824
  7.9199999999999999  1.0469203281398676 -0.0593547088468707 -0.0000585561939548
  7.9300000000000006  1.0460436360812124 -0.1159739912362219 -0.0000585964191704
  7.9400000000000004  1.0446008947154291 -0.1725552727730009 -0.0000586369633495
  7.9500000000000002  1.0425925771882416 -0.2290798720394729 -0.0000586781036160
  7.9600000000000000  1.0400193440740300 -0.2855289608571490 -0.0000587201928046
  7.9699999999999998  1.0368820450811003 -0.3418835170662807 -0.0000587636574418
  7.9800000000000004  1.0331817212256980 -0.3981242780968686 -0.0000588089952074
  7.9900000000000002  1.0289196074658555 -0.4542316955303685 -0.0000588567718662
  8.0000000000000000  1.0240971357841677 -0.5101858908535345 -0.0000589076176589
  8.0099999999999998  1.0187159387065590 -0.5659666126083729 -0.0000589622231624
  8.0199999999999996  1.0127778532420546 -0.6215531951449333 -0.0000590213345968
  8.0299999999999994  1.0062849252264885 -0.6769245191865172 -0.0000590857485898
  8.0400000000000009  0.9992394140509661 -0.7320589744197403 -0.0000591563063890
  8.0500000000000007  0.9916437977537664 -0.7869344243246219 -0.0000592338875274
  8.0600000000000005  0.9835007784522000 -0.8415281734623459 -0.0000593194029403
  8.0700000000000003  0.9748132880887518 -0.8958169374404220 -0.0000594137875483
  8.0800000000000001  0.9655844944636349 -0.9497768157764895 -0.0000595179923144
  8.0899999999999999  0.9558178075236566 -1.0033832678828105 -0.0000596329757958
  8.0999999999999996  0.9455168858750825 -1.0566110923934093 -0.0000597596952101
  8.1099999999999994  0.9346856434859626 -1.1094344100546583 -0.0000598990970555
  8.1200000000000010  0.9233282565411882 -1.1618266503977022 -0.0000600521073166
  8.1300000000000008  0.9114491704113770 -1.2137605424072826 -0.0000602196213066
  8.1400000000000006  0.8990531066945627 -1.2652081093960712 -0.0000604024932052
  8.1500000000000004  0.8861450702876069 -1.3161406682863821 -0.0000606015253510
  8.1600000000000001  0.8727303564422701 -1.3665288334919352 -0.0000608174573749
  8.1699999999999999  0.8588145577590081 -1.4163425255810118 -0.0000610509552492
  8.1799999999999997  0.8444035710698030 -1.4655509848887465 -0.0000613026003595
  8.1899999999999995  0.8295036041597419 -1.5141227902302941 -0.0000615728786968
  8.1999999999999993  0.8141211822756163 -1.5620258828480889 -0.0000618621702879
  8.2100000000000009  0.7982631543685904 -1.6092275957052948 -0.0000621707389912
  8.2200000000000006  0.7819366990169737 -1.6556946882137631 -0.0000624987227840
  8.2300000000000004  0.7651493299743745 -1.7013933864583570 -0.0000628461246825
  8.2400000000000002  0.7479089012880348 -1.7462894289503763 -0.0000632128044376
  8.2500000000000000  0.7302236119319703 -1.7903481179110767 -0.0000635984711488
  8.2599999999999998  0.7121020098996924 -1.8335343760520297 -0.0000640026769496
  8.2699999999999996  0.6935529957018030 -1.8758128087824490 -0.0000644248119022
  8.2799999999999994  0.6745858252146358 -1.9171477717348253 -0.0000648641002474
  8.2900000000000009  0.6552101118274078 -1.9575034434594962 -0.0000653195981455
  8.3000000000000007  0.6354358278370404 -1.9968439030964384 -0.0000657901930252
  8.3100000000000005  0.6152733050419485 -2.0351332127889572 -0.0000662746046614
  8.3200000000000003  0.5947332344886643 -2.0723355045594540 -0.0000667713880724
  8.3300000000000001  0.5738266653281862 -2.1084150713225389 -0.0000672789383120
  8.3399999999999999  0.5525650027424165 -2.1433364616658928 -0.0000677954972117
  8.3499999999999996  0.5309600049049685 -2.1770645779850444 -0.0000683191621025
  8.3599999999999994  0.5090237789449816 -2.2095647775151201 -0.0000688478965196
  8.3700000000000010  0.4867687758873631 -2.2408029757613050 -0.0000693795428539
  8.3800000000000008  0.4642077845480605 -2.2707457517907770 -0.0000699118369007
  8.3900000000000006  0.4413539243685266 -2.2993604548129039 -0.0000704424242075
  8.4000000000000004  0.4182206371794421 -2.3266153114421120 -0.0000709688780940
  8.4100000000000001  0.3948216778899720 -2.3524795330096571 -0.0000714887191917
  8.4199999999999999  0.3711711041052927 -2.3769234222671431 -0.0000719994363083
  8.4299999999999997  0.3472832646818093 -2.3999184788065575 -0.0000724985083984
  8.4399999999999995  0.3231727872363037 -2.4214375025093302 -0.0000729834273905
  8.4499999999999993  0.2988545646321813 -2.4414546943308983 -0.0000734517215966
  8.4600000000000009  0.2743437404729278 -2.4599457537278249 -0.0000739009794151
  8.4700000000000006  0.2496556936398018 -2.4768879720419394 -0.0000743288730092
  8.4800000000000004  0.2248060219175852 -2.4922603211704377 -0.0000747331816444
  8.4900000000000002  0.1998105247588381 -2.5060435368724558 -0.0000751118143583
  8.5000000000000000  0.1746851852434702 -2.5182201960912871 -0.0000754628316328
  8.5099999999999998  0.1494461512964916 -2.5287747877070355 -0.0000757844657557
  8.5199999999999996  0.1241097162324605 -2.5376937761767819 -0.0000760751395605
  8.5299999999999994  0.0986922987003494 -2.5449656575679924 -0.0000763334832601
  8.5400000000000009  0.0732104221072324 -2.5505810075453819 -0.0000765583491138
  8.5500000000000007  0.0476806936033138 -2.5545325209312444 -0.0000767488236990
  8.5600000000000005  0.0221197827142999 -2.5568150425236822 -0.0000769042375914
  8.5700000000000003 -0.0034556002900523 -2.5574255889254625 -0.0000770241723000
  8.5800000000000001 -0.0290287262002610 -2.5563633612076062 -0.0000771084643494
  8.5899999999999999 -0.0545828687519678 -2.5536297483053754 -0.0000771572064442
  8.5999999999999996 -0.0801013264983098 -2.5492283211191689 -0.0000771707456972
  8.6099999999999994 -0.1055674445769144 -2.5431648173680284 -0.0000771496789549
  8.6200000000000010 -0.1309646362794676 -2.5354471173180468 -0.0000770948452993
  8.6300000000000008 -0.1562764043334022 -2.5260852105810367 -0.0000770073158460
  8.6400000000000006 -0.1814863618075602 -2.5150911542494403 -0.0000768883810107
  8.6500000000000004 -0.2065782525566943 -2.5024790227008094 -0.0000767395354426
  8.6600000000000001 -0.2315359711233287 -2.4882648494684196 -0.0000765624608705
  8.6699999999999999 -0.2563435820197735 -2.4724665616330235 -0.0000763590071289
  8.6799999999999997 -0.2809853383179122 -2.4551039072437137 -0.0000761311716537
  8.6899999999999995 -0.3054456994797150 -2.4361983763228485 -0.0000758810777617
  8.7000000000000011 -0.3297093483671953 -2.4157731160505227 -0.0000756109520346
  8.7100000000000009 -0.3537612073766717 -2.3938528407578299 -0.0000753231011301
  8.7200000000000006 -0.3775864536486381 -2.3704637373849304 -0.0000750198883512
  8.7300000000000004 -0.4011705333112218 -2.3456333670795986 -0.0000747037102860
  8.7400000000000002 -0.4244991747220485 -2.3193905636244914 -0.0000743769738254
  8.7500000000000000 -0.4475584006802575 -2.2917653293869242 -0.0000740420738490
  8.7599999999999998 -0.4703345395873621 -2.2627887294837183 -0.0000737013718366
  8.7699999999999996 -0.4928142355425511 -2.2324927848459244 -0.0000733571756517
  8.7799999999999994 -0.5149844573648220 -2.2009103648543737 -0.0000730117207046
  8.7900000000000009 -0.5368325065409624 -2.1680750801974349 -0.0000726671526743
  8.8000000000000007 -0.5583460241047982 -2.1340211765776345 -0.0000723255119364
  8.8100000000000005 -0.5795129964592590 -2.0987834298644232 -0.0000719887198115
  8.8200000000000003 -0.6003217601586271 -2.0623970432569676 -0.0000716585667149
  8.8300000000000001 -0.6207610056737972 -2.0248975469839907 -0.0000713367022558
  8.8399999999999999 -0.6408197801684555 -1.9863207010280290 -0.0000710246273039
  8.8499999999999996 -0.6604874893187553 -1.9467024013195959 -0.0000707236880146
  8.8599999999999994 -0.6797538982133063 -1.9060785898032804 -0.0000704350717702
  8.8700000000000010 -0.6986091313740967 -1.8644851687333368 -0.0000701598049797
  8.8800000000000008 -0.7170436719423187 -1.8219579195113957 -0.0000698987526513
  8.8900000000000006 -0.7350483600759686 -1.7785324263340727 -0.0000696526196393
  8.9000000000000004 -0.7526143906085500 -1.7342440048739505 -0.0000694219534421
  8.9100000000000001 -0.7697333100202191 -1.6891276361741003 -0.0000692071484323
  8.9199999999999999 -0.7863970127743066 -1.6432179058943688 -0.0000690084513744
  8.9299999999999997 -0.8025977370733209 -1.5965489490074352 -0.0000688259680903
  8.9399999999999995 -0.8183280600893245 -1.5491544000044131 -0.0000686596711272
  8.9500000000000011 -0.8335808927239874 -1.5010673486337753 -0.0000685094082786
  8.9600000000000009 -0.8483494739536847 -1.4523203011637884 -0.0000683749118144
  8.9700000000000006 -0.8626273648147444 -1.4029451471276009 -0.0000682558082821
  8.9800000000000004 -0.8764084420833976 -1.3529731314817206 -0.0000681516287382
  8.9900000000000002 -0.8896868917041508 -1.3024348320828709 -0.0000680618192843
  9.0000000000000000 -0.9024572020192324 -1.2513601423651608 -0.0000679857517860
  9.0099999999999998 -0.9147141568504733 -1.1997782590790893 -0.0000679227346667
  9.0199999999999996 -0.9264528284835012 -1.1477176749360680 -0.0000678720236653
  9.0299999999999994 -0.9376685706024841 -1.0952061759868041 -0.0000678328324770
  9.0400000000000009 -0.9483570112218693 -1.0422708435489094 -0.0000678043431841
  9.0500000000000007 -0.9585140456596595 -0.9889380604883655 -0.0000677857164153
  9.0600000000000005 -0.9681358295947645 -0.9352335216508191 -0.0000677761011616
  9.0700000000000003 -0.9772187722488906 -0.8811822482319382 -0.0000677746442013
  9.0800000000000001 -0.9857595297312902 -0.8268086058710733 -0.0000677804990905
  9.0899999999999999 -0.9937549985825167 -0.7721363262490254 -0.0000677928346786
  9.0999999999999996 -1.0012023095511249 -0.7171885319686843 -0.0000678108431271
  9.1099999999999994 -1.0080988216350364 -0.6619877644964398 -0.0000678337474032
  9.1200000000000010 -1.0144421164170669 -0.6065560149424448 -0.0000678608082376
  9.1300000000000008 -1.0202299927218983 -0.5509147574588160 -0.0000678913305374
  9.1400000000000006 -1.0254604616195713 -0.4950849850365501 -0.0000679246692405
  9.1500000000000004 -1.0301317417983988 -0.4390872474841300 -0.0000679602346201
  9.1600000000000001 -1.0342422553280348 -0.3829416913733586 -0.0000679974970301
  9.1699999999999999 -1.0377906238313075 -0.3266681017407382 -0.0000680359911038
  9.1799999999999997 -1.0407756650813209 -0.2702859453355821 -0.0000680753194022
  9.1899999999999995 -1.0431963900382542 -0.2138144152088838 -0.0000681151555193
  9.2000000000000011 -1.0450520003382442 -0.1572724764396694 -0.0000681552466568
  9.2100000000000009 -1.0463418862447169 -0.1006789127980326 -0.0000681954156647
  9.2200000000000006 -1.0470656250705330 -0.0440523741462099 -0.0000682355625559
  9.2300000000000004 -1.0472229800773436  0.0125885756191600 -0.0000682756655053
  9.2400000000000002 -1.0468138998565841  0.0692254102790959 -0.0000683157813255
  9.2500000000000000 -1.0458385181945893  0.1258395928532677 -0.0000683560454307
  9.2599999999999998 -1.0442971544223685  0.1824125272041497 -0.0000683966712860
  9.2699999999999996 -1.0421903142486375  0.2389255098786673 -0.0000684379493379
  9.2799999999999994 -1.0395186910727592  0.2953596823822865 -0.0000684802454283
  9.2900000000000009 -1.0362831677722928  0.3516959840815927 -0.0000685239986906
  9.3000000000000007 -1.0324848189578804  0.4079151059329523 -0.0000685697189136
  9.3100000000000005 -1.0281249136862196  0.4639974452368146 -0.0000686179833820
  9.3200000000000003 -1.0232049186198613  0.5199230616195109 -0.0000686694331760
  9.3300000000000001 -1.0177265016205417  0.5756716344469983 -0.0000687247689333
  9.3399999999999999 -1.0116915357607004  0.6312224218777646 -0.0000687847460619
  9.3499999999999996 -1.0051021037357513  0.6865542217649768 -0.0000688501694113
  9.3599999999999994 -0.9979605026575531  0.7416453346208023 -0.0000689218873851
  9.3700000000000010 -0.9902692492073890  0.7964735288585267 -0.0000690007855131
  9.3800000000000008 -0.9820310851245919  0.8510160085305156 -0.0000690877794742
  9.3900000000000006 -0.9732489830047620  0.9052493837820538 -0.0000691838075855
  9.4000000000000004 -0.9639261523793135  0.9591496442425074 -0.0000692898227710
  9.4100000000000001 -0.9540660460458681  1.0126921355759091 -0.0000694067840252
  9.4199999999999999 -0.9436723666167917  1.0658515394128072 -0.0000695356474014
  9.4299999999999997 -0.9327490732509534  1.1186018568838547 -0.0000696773565545
  9.4399999999999995 -0.9213003885315953  1.1709163959729776 -0.0000698328328796
  9.4500000000000011 -0.9093308054510364  1.2227677629038547 -0.0000700029652987
  9.4600000000000009 -0.8968450944608221  1.2741278577676940 -0.0000701885997472
  9.4700000000000006 -0.8838483105438864  1.3249678745927254 -0.0000703905284367
  9.4800000000000004 -0.8703458002633288  1.3752583060462635 -0.0000706094789646
  9.4900000000000002 -0.8563432087405545  1.4249689529484870 -0.0000708461033589
  9.5000000000000000 -0.8418464865138006  1.4740689387630672 -0.0000711009671663
  9.5099999999999998 -0.8268618962264918  1.5225267292133466 -0.0000713745386738
  9.5199999999999996 -0.8113960190934750  1.5703101571537967 -0.0000716671783954
  9.5299999999999994 -0.7954557610919836  1.6173864528049040 -0.0000719791289423
  9.5400000000000009 -0.7790483588232148  1.6637222794353890 -0.0000723105054121
  9.5500000000000007 -0.7621813849896957  1.7092837745487341 -0.0000726612864312
  9.5600000000000005 -0.7448627534331805  1.7540365966014140 -0.0000730313060009
  9.5700000000000003 -0.7271007236777064  1.7979459772480308 -0.0000734202462882
  9.5800000000000001 -0.7089039049226468  1.8409767790738916 -0.0000738276315095
  9.5899999999999999 -0.6902812594311781  1.8830935587385425 -0.0000742528230526
  9.5999999999999996 -0.6712421052605295  1.9242606354146419 -0.0000746950159762
  9.6099999999999994 -0.6517961182817412  1.9644421643655277 -0.0000751532370229
  9.6200000000000010 -0.6319533334384345  2.0036022154622475 -0.0000756263442609
  9.6300000000000008 -0.6117241451963044  2.0417048563970246 -0.0000761130284741
  9.6400000000000006 -0.5911193071376954  2.0787142403055290 -0.0000766118163815
  9.6500000000000004 -0.5701499306587251  2.1145946974653804 -0.0000771210757691
  9.6600000000000001 -0.5488274827299657  2.1493108306935214 -0.0000776390225743
  9.6699999999999999 -0.5271637826856946  2.1828276140210017 -0.0000781637299536
  9.6799999999999997 -0.5051709980111536  2.2151104941808919 -0.0000786931393315
  9.6899999999999995 -0.4828616391021101  2.2461254944040738 -0.0000792250733852
  9.7000000000000011 -0.4602485529762659  2.2758393199791658 -0.0000797572509175
  9.7100000000000009 -0.4373449159216811  2.3042194649974435 -0.0000802873035037
  9.7200000000000006 -0.4141642250733374  2.3312343196719274 -0.0000808127937908
  9.7300000000000004 -0.3907202889152276  2.3568532775924269 -0.0000813312352825
  9.7400000000000002 -0.3670272167118568  2.3810468422558269 -0.0000818401134131
  9.7500000000000000 -0.3430994068797553  2.4037867321938067 -0.0000823369076861
  9.7599999999999998 -0.3189515343164458  2.4250459840089835 -0.0000828191146240
  9.7699999999999996 -0.2945985367112416  2.4447990526255627 -0.0000832842712526
  9.7799999999999994 -0.2700555998691994  2.4630219080623221 -0.0000837299788199
  9.7900000000000009 -0.2453381420864435  2.4796921280444071 -0.0000841539264407
  9.8000000000000007 -0.2204617976218574  2.4947889857861036 -0.0000845539143421
  9.8100000000000005 -0.1954423993167146  2.5082935322995770 -0.0000849278763824
  9.8200000000000003 -0.1702959604201455  2.5201886726144558 -0.0000852739015189
  9.8300000000000001 -0.1450386556843156  2.5304592353299311 -0.0000855902539072
  9.8399999999999999 -0.1196868017987771  2.5390920349644768 -0.0000858753913318
  9.8499999999999996 -0.0942568372385696  2.5460759266179962 -0.0000861279816777
  9.8599999999999994 -0.0687653016052352  2.5514018525166575 -0.0000863469172003
  9.8700000000000010 -0.0432288145439207  2.5550628800713331 -0.0000865313263527
  9.8800000000000008 -0.0176640543231137  2.5570542311457163 -0.0000866805830020
  9.8900000000000006  0.0079122638337342  2.5573733022990766 -0.0000867943128735
  9.9000000000000004  0.0334834095734472  2.5560196758404414 -0.0000868723971257
  9.9100000000000001  0.0590326593027117  2.5529951216048463 -0.0000869149730058
  9.9199999999999999  0.0845433180489684  2.5483035894372619 -0.0000869224315660
  9.9299999999999997  0.1099987411998044  2.5419511924449725 -0.0000868954124926
  9.9399999999999995  0.1353823560290202  2.5339461811535648 -0.0000868347961234
  9.9500000000000011  0.1606776829192655  2.5242989087743943 -0.0000867416927932
  9.9600000000000009  0.1858683561935752  2.5130217878615131 -0.0000866174296772
  9.9700000000000006  0.2109381444712584  2.5001292387027241 -0.0000864635353421
  9.9800000000000004  0.2358709704673625  2.4856376298518854 -0.0000862817222556
  9.9900000000000002  0.2606509301593077  2.4695652112671143 -0.0000860738675210
 10.0000000000000000  0.2852623112492053  2.4519320405715037 -0.0000858419921419
