  0.0000000000000000  1.0471975511965976  0.0000000000000000  0.0000000000000000
  0.0100000000000000  1.0469143686074422 -0.0566349740654078  0.0000000000023677
  0.0200000000000000  1.0460649134844122 -0.1132514153772190  0.0000000000080058
  0.0300000000000000  1.0446494640002992 -0.1698307427966344  0.0000000000168895
  0.0400000000000000  1.0426684845821428 -0.2263542786085602  0.0000000000289730
  0.0500000000000000  1.0401226271164083 -0.2828032007196840  0.0000000000441921
  0.0600000000000000  1.0370127326294238 -0.3391584954414072  0.0000000000624631
  0.0700000000000000  1.0333398334362422 -0.3954009110548557  0.0000000000836820
  0.0800000000000000  1.0291051557491149 -0.4515109123570558  0.0000000001077255
  0.0900000000000000  1.0243101227347582 -0.5074686363895844  0.0000000001344503
  0.1000000000000000  1.0189563580075756 -0.5632538495535178  0.0000000001636935
  0.1100000000000000  1.0130456895439370 -0.6188459063172261  0.0000000001952719
  0.1200000000000000  1.0065801540005459 -0.6742237097263988  0.0000000002289827
  0.1300000000000000  0.9995620014178116 -0.7293656739285207  0.0000000002646033
  0.1400000000000000  0.9919937002870102 -0.7842496889267440  0.0000000003018908
  0.1500000000000000  0.9838779429578544 -0.8388530877805666  0.0000000003405846
  0.1600000000000000  0.9752176513609093 -0.8931526164728043  0.0000000003804040
  0.1700000000000000  0.9660159830170865 -0.9471244066638671  0.0000000004210506
  0.1800000000000000  0.9562763373042337 -1.0007439515551626  0.0000000004622098
  0.1900000000000000  0.9460023619486219 -1.0539860850833793  0.0000000005035503
  0.2000000000000000  0.9351979597069142 -1.1068249646662733  0.0000000005447263
  0.2100000000000000  0.9238672952020091 -1.1592340577182116  0.0000000005853792
  0.2200000000000000  0.9120148018739831 -1.2111861321499378  0.0000000006251394
  0.2300000000000000  0.8996451890052416 -1.2626532510616313  0.0000000006636294
  0.2400000000000000  0.8867634487769274 -1.3136067718311601  0.0000000007004647
  0.2500000000000000  0.8733748633116630 -1.3640173497903012  0.0000000007352582
  0.2600000000000000  0.8594850116558297 -1.4138549466704615  0.0000000007676229
  0.2700000000000000  0.8450997766528348 -1.4630888439859366  0.0000000007971753
  0.2800000000000000  0.8302253516572176 -1.5116876615068391  0.0000000008235401
  0.2900000000000000  0.8148682470380127 -1.5596193809554342  0.0000000008463531
  0.3000000000000000  0.7990352964185526 -1.6068513750386209  0.0000000008652665
  0.3100000000000000  0.7827336625988836 -1.6533504419056575  0.0000000008799533
  0.3200000000000000  0.7659708431062044 -1.6990828450939128  0.0000000008901115
  0.3300000000000000  0.7487546753182545 -1.7440143589964479  0.0000000008954699
  0.3400000000000000  0.7310933411043924 -1.7881103198536512  0.0000000008957922
  0.3500000000000000  0.7129953709292575 -1.8313356822370570  0.0000000008908823
  0.3600000000000000  0.6944696473643999 -1.8736550809570147  0.0000000008805884
  0.3700000000000000  0.6755254079541442 -1.9150328982872504  0.0000000008648091
  0.3800000000000000  0.6561722473832202 -1.9554333363587983  0.0000000008434943
  0.3900000000000000  0.6364201188953801 -1.9948204945335875  0.0000000008166523
  0.4000000000000000  0.6162793349143345 -2.0331584515244905  0.0000000007843515
  0.4100000000000000  0.5957605668208940 -2.0704113519842764  0.0000000007467221
  0.4200000000000000  0.5748748438432002 -2.1065434972410926  0.0000000007039597
  0.4300000000000000  0.5536335510203823 -2.1415194398133459  0.0000000006563249
  0.4400000000000000  0.5320484262038612 -2.1753040812926572  0.0000000006041444
  0.4500000000000000  0.5101315560648618 -2.2078627731405218  0.0000000005478089
  0.4600000000000000  0.4878953710814374 -2.2391614199029828  0.0000000004877732
  0.4700000000000000  0.4653526394834701 -2.2691665843086497  0.0000000004245507
  0.4800000000000000  0.4425164601396384 -2.2978455936793587  0.0000000003587107
  0.4900000000000000  0.4194002543762156 -2.3251666470503105  0.0000000002908742
  0.5000000000000000  0.3960177567237405 -2.3510989223682341  0.0000000002217059
  0.5100000000000000  0.3723830045940361 -2.3756126831125681  0.0000000001519078
  0.5200000000000000  0.3485103268967020 -2.3986793836663911  0.0000000000822118
  0.5300000000000000  0.3244143316110021 -2.4202717727513408  0.0000000000133699
  0.5400000000000000  0.3001098923359658 -2.4403639942344664 -0.0000000000538565
  0.5500000000000000  0.2756121338484459 -2.4589316846152318 -0.0000000001187037
  0.5600000000000001  0.2509364167057633 -2.4759520665079817 -0.0000000001804188
  0.5700000000000001  0.2260983209363520 -2.4914040374492874 -0.0000000002382698
  0.5800000000000000  0.2011136288684223 -2.5052682533807946 -0.0000000002915550
  0.5900000000000000  0.1759983071530209 -2.5175272061864615 -0.0000000003396159
  0.6000000000000000  0.1507684880439033 -2.5281652946982720 -0.0000000003818450
  0.6100000000000000  0.1254404500022937 -2.5371688886263999 -0.0000000004176970
  0.6200000000000000  0.1000305976998083 -2.5445263849180226 -0.0000000004466960
  0.6300000000000000  0.0745554414975118 -2.5502282561030656 -0.0000000004684435
  0.6400000000000000  0.0490315764832012 -2.5542670902445646 -0.0000000004826266
  0.6500000000000000  0.0234756611525166 -2.5566376221753719 -0.0000000004890199
  0.6600000000000000 -0.0020956041776744 -2.5573367557708901 -0.0000000004874920
  0.6700000000000000 -0.0276654991330226 -2.5563635770785713 -0.0000000004780070
  0.6800000000000000 -0.0532173051305494 -2.5537193581982081 -0.0000000004606242
  0.6900000000000001 -0.0787343272198934 -2.5494075518816541 -0.0000000004354985
  0.7000000000000001 -0.1041999158243034 -2.5434337768956166 -0.0000000004028771
  0.7100000000000000 -0.1295974882895342 -2.5358057942656189 -0.0000000003630960
  0.7200000000000000 -0.1549105501503561 -2.5265334745922212 -0.0000000003165739
  0.7300000000000000 -0.1801227160266485 -2.5156287567011844 -0.0000000002638076
  0.7400000000000000 -0.2052177300640095 -2.5031055979566337 -0.0000000002053622
  0.7500000000000000 -0.2301794858374221 -2.4889799166296132 -0.0000000001418616
  0.7600000000000000 -0.2549920456407387 -2.4732695267729876 -0.0000000000739833
  0.7700000000000000 -0.2796396590895265 -2.4559940661068143 -0.0000000000024416
  0.7800000000000000 -0.3041067809700989 -2.4371749174655228  0.0000000000720167
  0.7900000000000000 -0.3283780882732787 -2.4168351243990447  0.0000000001486273
  0.8000000000000000 -0.3524384963575409 -2.3949993015541229  0.0000000002266159
  0.8100000000000001 -0.3762731741925817 -2.3716935404891388  0.0000000003052125
  0.8200000000000001 -0.3998675586410025 -2.3469453115958374  0.0000000003836576
  0.8300000000000001 -0.4232073677426028 -2.3207833628142733  0.0000000004612154
  0.8400000000000000 -0.4462786129726724 -2.2932376158332763  0.0000000005371790
  0.8500000000000000 -0.4690676104525987 -2.2643390604678899  0.0000000006108813
  0.8600000000000000 -0.4915609910979894 -2.2341196478979173  0.0000000006817013
  0.8700000000000000 -0.5137457096962875 -2.2026121834382324  0.0000000007490700
  0.8800000000000000 -0.5356090529124725 -2.1698502194923512  0.0000000008124749
  0.8900000000000000 -0.5571386462278379 -2.1358679493163875  0.0000000008714645
  0.9000000000000000 -0.5783224598229659 -2.1007001021915119  0.0000000009256526
  0.9100000000000000 -0.5991488134218383 -2.0643818405699355  0.0000000009747172
  0.9200000000000000 -0.6196063801194930 -2.0269486597228847  0.0000000010184027
  0.9300000000000000 -0.6396841892207245 -1.9884362903796344  0.0000000010565204
  0.9400000000000001 -0.6593716281220129 -1.9488806048050111  0.0000000010889463
  0.9500000000000001 -0.6786584432731222 -1.9083175267195149  0.0000000011156202
  0.9600000000000000 -0.6975347402586308 -1.8667829454218792  0.0000000011365416
  0.9700000000000000 -0.7159909830430312 -1.8243126344290856  0.0000000011517680
  0.9800000000000000 -0.7340179924259616 -1.7809421749040824  0.0000000011614099
  0.9900000000000000 -0.7516069437566126 -1.7367068840971973  0.0000000011656273
  1.0000000000000000 -0.7687493639583969 -1.6916417489839521  0.0000000011646252
  1.0100000000000000 -0.7854371279165805 -1.6457813652400266  0.0000000011586481
  1.0200000000000000 -0.8016624542827859 -1.5991598816538666  0.0000000011479759
  1.0300000000000000 -0.8174179007510838 -1.5518109500391339  0.0000000011329188
  1.0400000000000000 -0.8326963588608305 -1.5037676806731177  0.0000000011138125
  1.0500000000000000 -0.8474910483815029 -1.4550626032535299  0.0000000010910127
  1.0600000000000001 -0.8617955113345428 -1.4057276333349540  0.0000000010648917
  1.0700000000000001 -0.8756036057066948 -1.3557940441776664  0.0000000010358329
  1.0800000000000001 -0.8889094989085172 -1.3052924439156761  0.0000000010042265
  1.0900000000000001 -0.9017076610306922 -1.2542527579276224  0.0000000009704674
  1.1000000000000001 -0.9139928579494975 -1.2027042162736021  0.0000000009349497
  1.1100000000000001 -0.9257601443313365 -1.1506753460430192  0.0000000008980641
  1.1200000000000001 -0.9370048565845985 -1.0981939684430468  0.0000000008601952
  1.1300000000000001 -0.9477226058053466 -1.0452872004441756  0.0000000008217188
  1.1400000000000001 -0.9579092707614394 -0.9919814607884366  0.0000000007829989
  1.1500000000000001 -0.9675609909577060 -0.9383024801570971  0.0000000007443877
  1.1599999999999999 -0.9766741598227217 -0.8842753152877523  0.0000000007062212
  1.1699999999999999 -0.9852454180556067 -0.8299243668256262  0.0000000006688202
  1.1799999999999999 -0.9932716471690989 -0.7752734006903438  0.0000000006324880
  1.1899999999999999 -1.0007499632629511 -0.7203455727372875  0.0000000005975092
  1.2000000000000000 -1.0076777110594912 -0.6651634564917061  0.0000000005641501
  1.2100000000000000 -1.0140524582309631 -0.6097490737338291  0.0000000005326571
  1.2200000000000000 -1.0198719900460524 -0.5541239277141831  0.0000000005032578
  1.2300000000000000 -1.0251343043608028 -0.4983090387799281  0.0000000004761592
  1.2400000000000000 -1.0298376069769457 -0.4423249821951852  0.0000000004515477
  1.2500000000000000 -1.0339803073885077 -0.3861919279408437  0.0000000004295900
  1.2600000000000000 -1.0375610149354297 -0.3299296822820862  0.0000000004104342
  1.2700000000000000 -1.0405785353808303 -0.2735577308947175  0.0000000003942060
  1.2800000000000000 -1.0430318679264632 -0.2170952833442036  0.0000000003810130
  1.2900000000000000 -1.0449202026788829 -0.1605613187140288  0.0000000003709425
  1.3000000000000000 -1.0462429185768010 -0.1039746321824446  0.0000000003640631
  1.3100000000000001 -1.0469995817881239 -0.0473538823488584  0.0000000003604222
  1.3200000000000001 -1.0471899445831805  0.0092823608870953  0.0000000003600492
  1.3300000000000001 -1.0468139446886884  0.0659155680893836  0.0000000003629537
  1.3400000000000001 -1.0458717051250572  0.1225272018869781  0.0000000003691265
  1.3500000000000001 -1.0443635345276798  0.1790986686070860  0.0000000003785382
  1.3600000000000001 -1.0422899279509221  0.2356112701345471  0.0000000003911405
  1.3700000000000001 -1.0396515681515768  0.2920461561923150  0.0000000004068664
  1.3800000000000001 -1.0364493273465911  0.3483842772390061  0.0000000004256281
  1.3900000000000001 -1.0326842694379110  0.4046063381810179  0.0000000004473187
  1.4000000000000001 -1.0283576526953015  0.4606927530986430  0.0000000004718118
  1.4099999999999999 -1.0234709328859966  0.5166236011878841  0.0000000004989610
  1.4199999999999999 -1.0180257668380019  0.5723785841222265  0.0000000005285997
  1.4299999999999999 -1.0120240164218202  0.6279369850413780  0.0000000005605422
  1.4399999999999999 -1.0054677529332789  0.6832776293768253  0.0000000005945816
  1.4500000000000000 -0.9983592618580357  0.7383788477268897  0.0000000006304925
  1.4600000000000000 -0.9907010479961872  0.7932184409966461  0.0000000006680289
  1.4700000000000000 -0.9824958409232496  0.8477736480204940  0.0000000007069270
  1.4800000000000000 -0.9737466007615841  0.9020211158871535  0.0000000007469027
  1.4900000000000000 -0.9644565242341394  0.9559368731882865  0.0000000007876555
  1.5000000000000000 -0.9546290509701654  1.0094963064126188  0.0000000008288676
  1.5100000000000000 -0.9442678700303340  1.0626741397072081  0.0000000008702048
  1.5200000000000000 -0.9333769266164930  1.1154444182261820  0.0000000009113199
  1.5300000000000000 -0.9219604289290861  1.1677804952846820  0.0000000009518522
  1.5400000000000000 -0.9100228551331154  1.2196550235317085  0.0000000009914303
  1.5500000000000000 -0.8975689603914105  1.2710399503498908  0.0000000010296756
  1.5600000000000001 -0.8846037839219271  1.3219065176827227  0.0000000010662027
  1.5700000000000001 -0.8711326560338338  1.3722252664803454  0.0000000011006246
  1.5800000000000001 -0.8571612050952969  1.4219660459433594  0.0000000011325545
  1.5900000000000001 -0.8426953643841383  1.4710980277302594  0.0000000011616103
  1.6000000000000001 -0.8277413787709729  1.5195897252777870  0.0000000011874176
  1.6100000000000001 -0.8123058111830254  1.5674090183646752  0.0000000012096147
  1.6200000000000001 -0.7963955487956279  1.6145231830278313  0.0000000012278574
  1.6300000000000001 -0.7800178088974299  1.6608989269159287  0.0000000012418215
  1.6400000000000001 -0.7631801443746293  1.7065024301386180  0.0000000012512107
  1.6500000000000001 -0.7458904487591016  1.7512993916401673  0.0000000012557589
  1.6600000000000001 -0.7281569607851688  1.7952550810943317  0.0000000012552362
  1.6699999999999999 -0.7099882683999561  1.8383343962827661  0.0000000012494532
  1.6799999999999999 -0.6913933121728409  1.8805019258824618  0.0000000012382659
  1.6899999999999999 -0.6723813880504385  1.9217220175487226  0.0000000012215809
  1.7000000000000000 -0.6529621494049055  1.9619588511393493  0.0000000011993584
  1.7100000000000000 -0.6331456083250981  2.0011765168832683  0.0000000011716155
  1.7200000000000000 -0.6129421361023042  2.0393390982531918  0.0000000011384306
  1.7300000000000000 -0.5923624628648971  2.0764107592574224  0.0000000010999448
  1.7400000000000000 -0.5714176763193317  2.1123558358210772  0.0000000010563644
  1.7500000000000000 -0.5501192195584216  2.1471389308823032  0.0000000010079604
  1.7600000000000000 -0.5284788879018055  2.1807250127850106  0.0000000009550707
  1.7700000000000000 -0.5065088247379085  2.2130795165068493  0.0000000008980962
  1.7800000000000000 -0.4842215163415229  2.2441684472201739  0.0000000008375010
  1.7900000000000000 -0.4616297856463536  2.2739584856451995  0.0000000007738087
  1.8000000000000000 -0.4387467849574573  2.3024170946190696  0.0000000007075983
  1.8100000000000001 -0.4155859875944340  2.3295126262727344  0.0000000006394966
  1.8200000000000001 -0.3921611784624488  2.3552144291799806  0.0000000005701762
  1.8300000000000001 -0.3684864435546378  2.3794929548202464  0.0000000005003441
  1.8400000000000001 -0.3445761583961272  2.4023198626794882  0.0000000004307359
  1.8500000000000001 -0.3204449754467135  2.4236681233018778  0.0000000003621060
  1.8600000000000001 -0.2961078104861581  2.4435121185998621  0.0000000002952177
  1.8700000000000001 -0.2715798280129712  2.4618277387314857  0.0000000002308326
  1.8800000000000001 -0.2468764256944369  2.4785924748621242  0.0000000001697009
  1.8900000000000001 -0.2220132179123891  2.4937855071430257  0.0000000001125517
  1.9000000000000001 -0.1970060184558182  2.5073877872614432  0.0000000000600791
  1.9100000000000001 -0.1718708224176974  2.5193821149465330  0.0000000000129335
  1.9199999999999999 -0.1466237873594043  2.5297532078515279 -0.0000000000282860
  1.9299999999999999 -0.1212812138116940  2.5384877642756405 -0.0000000000630453
  1.9399999999999999 -0.0958595251863071  2.5455745182383644 -0.0000000000908806
  1.9500000000000000 -0.0703752471768991  2.5510042864738529 -0.0000000001114075
  1.9600000000000000 -0.0448449867320021  2.5547700069732473 -0.0000000001243268
  1.9700000000000000 -0.0192854106861329  2.5568667687675788 -0.0000000001294285
  1.9800000000000000  0.0062867758621071  2.5572918327123810 -0.0000000001265965
  1.9900000000000000  0.0318548513340576  2.5560446431066302 -0.0000000001158105
  2.0000000000000000  0.0574020995249648  2.5531268300522059 -0.0000000000971458
  2.0100000000000002  0.0829118314351336  2.5485422025347959 -0.0000000000707721
  2.0200000000000000  0.1083674069856970  2.5422967322821544 -0.0000000000369518
  2.0300000000000002  0.1337522565273679  2.5343985285299016  0.0000000000039648
  2.0400000000000000  0.1590499020522008  2.5248578038977056  0.0000000000515459
  2.0499999999999998  0.1842439780207779  2.5136868316488181  0.0000000001052834
  2.0600000000000001  0.2093182517202950  2.5008998946726995  0.0000000001646017
  2.0699999999999998  0.2342566430727411  2.4865132265930630  0.0000000002288668
  2.0800000000000001  0.2590432438166803  2.4705449454613970  0.0000000002973958
  2.0899999999999999  0.2836623359910104  2.4530149805482475  0.0000000003694670
  2.1000000000000001  0.3080984096544329  2.4339449927907304  0.0000000004443310
  2.1099999999999999  0.3323361797801567  2.4133582894944783  0.0000000005212203
  2.1200000000000001  0.3563606022715126  2.3912797339211664  0.0000000005993611
  2.1299999999999999  0.3801568890505989  2.3677356504187381  0.0000000006779846
  2.1400000000000001  0.4037105221787544  2.3427537257703048  0.0000000007563340
  2.1499999999999999  0.4270072669744762  2.3163629074495038  0.0000000008336778
  2.1600000000000001  0.4500331841013095  2.2885932994749316  0.0000000009093152
  2.1699999999999999  0.4727746406051576  2.2594760565543424  0.0000000009825866
  2.1800000000000002  0.4952183198873309  2.2290432772009474  0.0000000010528783
  2.1899999999999999  0.5173512306064102  2.1973278964897114  0.0000000011196307
  2.2000000000000002  0.5391607145085819  2.1643635791014857  0.0000000011823417
  2.2100000000000000  0.5606344531924607  2.1301846132776578  0.0000000012405693
  2.2200000000000002  0.5817604738204945  2.0948258062782696  0.0000000012939378
  2.2300000000000000  0.6025271537948139  2.0583223819028569  0.0000000013421363
  2.2400000000000002  0.6229232244207962  2.0207098805962049  0.0000000013849206
  2.2500000000000000  0.6429377735866371  1.9820240626213870  0.0000000014221120
  2.2600000000000002  0.6625602474918438  1.9423008147405112  0.0000000014535979
  2.2700000000000000  0.6817804514617462  1.9015760608001113  0.0000000014793274
  2.2800000000000002  0.7005885498888715  1.8598856765736798  0.0000000014993100
  2.2900000000000000  0.7189750653453321  1.8172654091690050  0.0000000015136123
  2.3000000000000003  0.7369308769132235  1.7737508012632615  0.0000000015223530
  2.3100000000000001  0.7544472177824429  1.7293771203846737  0.0000000015256997
  2.3199999999999998  0.7715156721673065  1.6841792934164805  0.0000000015238644
  2.3300000000000001  0.7881281715948932  1.6381918464572298  0.0000000015170978
  2.3399999999999999  0.8042769906191813  1.5914488501314774  0.0000000015056849
  2.3500000000000001  0.8199547420157931  1.5439838704070192  0.0000000014899408
  2.3599999999999999  0.8351543715125438  1.4958299249390856  0.0000000014702045
  2.3700000000000001  0.8498691521110266  1.4470194449286391  0.0000000014468345
  2.3799999999999999  0.8640926780541822  1.3975842424511824  0.0000000014202053
  2.3900000000000001  0.8778188584942201  1.3475554831843755  0.0000000013907020
  2.3999999999999999  0.8910419109144165  1.2969636644373195  0.0000000013587156
  2.4100000000000001  0.9037563543572213  1.2458385983615961  0.0000000013246414
  2.4199999999999999  0.9159570025098092  1.1942094002040151  0.0000000012888730
  2.4300000000000002  0.9276389566967158  1.1421044814434522  0.0000000012517999
  2.4399999999999999  0.9387975988275499  1.0895515476390587  0.0000000012138058
  2.4500000000000002  0.9494285843459750  1.0365776008043845  0.0000000011752646
  2.4600000000000000  0.9595278352242499  0.9832089461114222  0.0000000011365392
  2.4700000000000002  0.9690915330456098  0.9294712027201153  0.0000000010979782
  2.4800000000000000  0.9781161122146933  0.8753893185223046  0.0000000010599157
  2.4900000000000002  0.9865982533340825  0.8209875885842360  0.0000000010226695
  2.5000000000000000  0.9945348767828491  0.7662896770684535  0.0000000009865401
  2.5100000000000002  1.0019231365307957  0.7113186424139551  0.0000000009518090
  2.5200000000000000  1.0087604142198647  0.6560969655527283  0.0000000009187394
  2.5300000000000002  1.0150443135419716  0.6006465809410196  0.0000000008875745
  2.5400000000000000  1.0207726549403033  0.5449889101847563  0.0000000008585388
  2.5500000000000003  1.0259434706589317  0.4891448980402614  0.0000000008318355
  2.5600000000000001  1.0305550001634027  0.4331350505736233  0.0000000008076481
  2.5699999999999998  1.0346056859528237  0.3769794752646464  0.0000000007861399
  2.5800000000000001  1.0380941697818280  0.3206979228440853  0.0000000007674558
  2.5899999999999999  1.0410192893087116  0.2643098306557151  0.0000000007517181
  2.6000000000000001  1.0433800751839541  0.2078343673375983  0.0000000007390317
  2.6099999999999999  1.0451757485913036  0.1512904786195772  0.0000000007294803
  2.6200000000000001  1.0464057192515794  0.0946969340364461  0.0000000007231282
  2.6299999999999999  1.0470695838973587  0.0380723743583708  0.0000000007200216
  2.6400000000000001  1.0471671252247325 -0.0185646404581442  0.0000000007201856
  2.6499999999999999  1.0466983113263604 -0.0751955829941448  0.0000000007236269
  2.6600000000000001  1.0456632956080996 -0.1318019099615401  0.0000000007303330
  2.6699999999999999  1.0440624171895465 -0.1883650138600764  0.0000000007402714
  2.6800000000000002  1.0418962017868787 -0.2448661748923670  0.0000000007533911
  2.6899999999999999  1.0391653630744448 -0.3012865133320423  0.0000000007696213
  2.7000000000000002  1.0358708045195908 -0.3576069425412192  0.0000000007888703
  2.7100000000000000  1.0320136216832398 -0.4138081228350828  0.0000000008110298
  2.7200000000000002  1.0275951049767622 -0.4698704163933557  0.0000000008359687
  2.7300000000000000  1.0226167428636519 -0.5257738434207635  0.0000000008635379
  2.7400000000000002  1.0170802254925042 -0.5814980397611913  0.0000000008935676
  2.7500000000000000  1.0109874487457187 -0.6370222161730048  0.0000000009258685
  2.7600000000000002  1.0043405186862684 -0.6923251194758522  0.0000000009602307
  2.7700000000000000  0.9971417563827568 -0.7473849957820821  0.0000000009964254
  2.7800000000000002  0.9893937030908393 -0.8021795560285636  0.0000000010342036
  2.7900000000000000  0.9810991257669163 -0.8566859440270510  0.0000000010732980
  2.8000000000000003  0.9722610228878137 -0.9108807072531485  0.0000000011134222
  2.8100000000000001  0.9628826305479592 -0.9647397705952374  0.0000000011542728
  2.8199999999999998  0.9529674288033442 -1.0182384132852726  0.0000000011955287
  2.8300000000000001  0.9425191482293452 -1.0713512492329555  0.0000000012368542
  2.8399999999999999  0.9315417766572693 -1.1240522109832756  0.0000000012778985
  2.8500000000000001  0.9200395660523002 -1.1763145375145974  0.0000000013183000
  2.8599999999999999  0.9080170394933722 -1.2281107660901780  0.0000000013576857
  2.8700000000000001  0.8954789982133960 -1.2794127283700365  0.0000000013956761
  2.8799999999999999  0.8824305286562311 -1.3301915509823106  0.0000000014318847
  2.8900000000000001  0.8688770095048527 -1.3804176607434284  0.0000000014659244
  2.8999999999999999  0.8548241186333293 -1.4300607947044632  0.0000000014974096
  2.9100000000000001  0.8402778399335189 -1.4790900151867605  0.0000000015259581
  2.9199999999999999  0.8252444699658450 -1.5274737299532255  0.0000000015511982
  2.9300000000000002  0.8097306243821429 -1.5751797176424112  0.0000000015727704
  2.9399999999999999  0.7937432440674032 -1.6221751585706912  0.0000000015903333
  2.9500000000000002  0.7772896009463043 -1.6684266709832865  0.0000000016035675
  2.9600000000000000  0.7603773033997564 -1.7139003528077170  0.0000000016121808
  2.9700000000000002  0.7430143012362862 -1.7585618289334191  0.0000000016159124
  2.9800000000000000  0.7252088901630160 -1.8023763040088425  0.0000000016145393
  2.9900000000000002  0.7069697157012520 -1.8453086207124616  0.0000000016078793
  3.0000000000000000  0.6883057764923119 -1.8873233234169335  0.0000000015957961
  3.0100000000000002  0.6692264269402300 -1.9283847271263483  0.0000000015782049
  3.0200000000000000  0.6497413791393768 -1.9684569915253833  0.0000000015550750
  3.0300000000000002  0.6298607040368598 -2.0075041999365193  0.0000000015264330
  3.0400000000000000  0.6095948317818251 -2.0454904429376595  0.0000000014923679
  3.0500000000000003  0.5889545512164793 -2.0823799063479300  0.0000000014530310
  3.0600000000000001  0.5679510084667989 -2.1181369632445883  0.0000000014086398
  3.0700000000000003  0.5465957045944863 -2.1527262696293290  0.0000000013594758
  3.0800000000000001  0.5249004922757718 -2.1861128633184022  0.0000000013058871
  3.0899999999999999  0.5028775714771290 -2.2182622655884119  0.0000000012482858
  3.1000000000000001  0.4805394841028557 -2.2491405850690382  0.0000000011871458
  3.1099999999999999  0.4578991075947589 -2.2787146233358455  0.0000000011230001
  3.1200000000000001  0.4349696474698198 -2.3069519816214155  0.0000000010564349
  3.1299999999999999  0.4117646287876986 -2.3338211680318781  0.0000000009880868
  3.1400000000000001  0.3882978865462036 -2.3592917046291180  0.0000000009186334
  3.1499999999999999  0.3645835550093574 -2.3833342337170542  0.0000000008487870
  3.1600000000000001  0.3406360559794010 -2.4059206226539751  0.0000000007792872
  3.1699999999999999  0.3164700860309105 -2.4270240665023999  0.0000000007108903
  3.1800000000000002  0.2921006027321132 -2.4466191878237646  0.0000000006443601
  3.1899999999999999  0.2675428098854127 -2.4646821329277113  0.0000000005804576
  3.2000000000000002  0.2428121418259901 -2.4811906638951378  0.0000000005199293
  3.2100000000000000  0.2179242468240834 -2.4961242457105937  0.0000000004634997
  3.2200000000000002  0.1928949696430789 -2.5094641278631351  0.0000000004118568
  3.2300000000000000  0.1677403333118087 -2.5211934198053099  0.0000000003656433
  3.2400000000000002  0.1424765201753733 -2.5312971596973628  0.0000000003254476
  3.2500000000000000  0.1171198522943188 -2.5397623759077756  0.0000000002917934
  3.2600000000000002  0.0916867712670452 -2.5465781407914347  0.0000000002651310
  3.2700000000000000  0.0661938175548312 -2.5517356163226341  0.0000000002458329
  3.2800000000000002  0.0406576093927881 -2.5552280912211103  0.0000000002341829
  3.2900000000000000  0.0150948213733531 -2.5570510092747156  0.0000000002303761
  3.3000000000000003 -0.0104778372084521 -2.5572019886314084  0.0000000002345131
  3.3100000000000001 -0.0360436441568496 -2.5556808319051139  0.0000000002465981
  3.3200000000000003 -0.0615858862318912 -2.5524895270138397  0.0000000002665405
  3.3300000000000001 -0.0870878809680271 -2.5476322387432684  0.0000000002941551
  3.3399999999999999 -0.1125329983621902 -2.5411152911039840  0.0000000003291647
  3.3500000000000001 -0.1379046823399842 -2.5329471406245596  0.0000000003712053
  3.3599999999999999 -0.1631864719103454 -2.5231383407950405  0.0000000004198318
  3.3700000000000001 -0.1883620219215475 -2.5117014979449874  0.0000000004745249
  3.3799999999999999 -0.2134151233345934 -2.4986512189063772  0.0000000005346990
  3.3900000000000001 -0.2383297229338523 -2.4840040508735091  0.0000000005997107
  3.3999999999999999 -0.2630899423992136 -2.4677784139289183  0.0000000006688707
  3.4100000000000001 -0.2876800966689780 -2.4499945267555834  0.0000000007414517
  3.4199999999999999 -0.3120847115281415 -2.4306743261008554  0.0000000008167000
  3.4300000000000002 -0.3362885403625792 -2.4098413805961858  0.0000000008938476
  3.4399999999999999 -0.3602765800258451 -2.3875207995685392  0.0000000009721202
  3.4500000000000002 -0.3840340857717874 -2.3637391375041847  0.0000000010507500
  3.4600000000000000 -0.4075465852128867 -2.3385242948432623  0.0000000011289839
  3.4700000000000002 -0.4307998912710608 -2.3119054157941696  0.0000000012060951
  3.4800000000000000 -0.4537801140946003 -2.2839127838605293  0.0000000012813890
  3.4900000000000002 -0.4764736719218138 -2.2545777157704876  0.0000000013542123
  3.5000000000000000 -0.4988673008788178 -2.2239324544887191  0.0000000014239611
  3.5100000000000002 -0.5209480637056394 -2.1920100619761200  0.0000000014900842
  3.5200000000000000 -0.5427033574113483 -2.1588443123412397  0.0000000015520883
  3.5300000000000002 -0.5641209198652491 -2.1244695860015561  0.0000000016095441
  3.5400000000000000 -0.5851888353371979 -2.0889207654422841  0.0000000016620847
  3.5500000000000003 -0.6058955390058162 -2.0522331331261046  0.0000000017094108
  3.5600000000000001 -0.6262298204587222 -2.0144422720696578  0.0000000017512890
  3.5700000000000003 -0.6461808262138605 -1.9755839695624222  0.0000000017875513
  3.5800000000000001 -0.6657380612955554 -1.9356941244613690  0.0000000018180956
  3.5899999999999999 -0.6848913899030323 -1.8948086584510904  0.0000000018428810
  3.6000000000000001 -0.7036310352128258 -1.8529634316145687  0.0000000018619265
  3.6099999999999999 -0.7219475783597161 -1.8101941626148981  0.0000000018753078
  3.6200000000000001 -0.7398319566436240 -1.7665363537436221  0.0000000018831520
  3.6299999999999999 -0.7572754610122200 -1.7220252210473639  0.0000000018856340
  3.6400000000000001 -0.7742697328709134 -1.6766956297015390  0.0000000018829723
  3.6499999999999999 -0.7908067602733606 -1.6305820347585005  0.0000000018754236
  3.6600000000000001 -0.8068788735467087 -1.5837184273578337  0.0000000018632791
  3.6699999999999999 -0.8224787404064769 -1.5361382864489130  0.0000000018468567
  3.6800000000000002 -0.8375993606162998 -1.4878745360405286  0.0000000018264997
  3.6899999999999999 -0.8522340602477405 -1.4389595079595088  0.0000000018025694
  3.7000000000000002 -0.8663764855950451 -1.3894249100699576  0.0000000017754428
  3.7100000000000000 -0.8800205967990863 -1.3393017998770509  0.0000000017455054
  3.7200000000000002 -0.8931606612338567 -1.2886205634143384  0.0000000017131501
  3.7300000000000000 -0.9057912467077469 -1.2374108992911581  0.0000000016787713
  3.7400000000000002 -0.9179072145305092 -1.1857018077570645  0.0000000016427621
  3.7500000000000000 -0.9295037124952895 -1.1335215846230104  0.0000000016055123
  3.7600000000000002 -0.9405761678234320 -1.0808978198643189  0.0000000015674033
  3.7700000000000000 -0.9511202801179452 -1.0278574007181109  0.0000000015288075
  3.7800000000000002 -0.9611320143695961 -0.9744265190776757  0.0000000014900855
  3.7900000000000000 -0.9706075940575779 -0.9206306829781201  0.0000000014515836
  3.8000000000000003 -0.9795434943846111 -0.8664947319613657  0.0000000014136339
  3.8100000000000001 -0.9879364356841887 -0.8120428561039762  0.0000000013765505
  3.8200000000000003 -0.9957833770355011 -0.7572986184882278  0.0000000013406315
  3.8300000000000001 -1.0030815101193660 -0.7022849808951029  0.0000000013061554
  3.8399999999999999 -1.0098282533462724 -0.6470243324972978  0.0000000012733821
  3.8500000000000001 -1.0160212462854323 -0.5915385213307199  0.0000000012425513
  3.8599999999999999 -1.0216583444215204 -0.5358488883241366  0.0000000012138845
  3.8700000000000001 -1.0267376142635898 -0.4799763036684487  0.0000000011875813
  3.8799999999999999 -1.0312573288284765 -0.4239412053093511  0.0000000011638223
  3.8900000000000001 -1.0352159635188565 -0.3677636393497524  0.0000000011427680
  3.8999999999999999 -1.0386121924139955 -0.3114633021511187  0.0000000011245588
  3.9100000000000001 -1.0414448849891398 -0.2550595839257628  0.0000000011093148
  3.9199999999999999 -1.0437131032774276 -0.1985716136148870  0.0000000010971366
  3.9300000000000002 -1.0454160994861659 -0.1420183048498258  0.0000000010881059
  3.9399999999999999 -1.0465533140772996 -0.0854184027963116  0.0000000010822834
  3.9500000000000002 -1.0471243743199128 -0.0287905316836434  0.0000000010797114
  3.9600000000000000 -1.0471290933206270  0.0278467571776986  0.0000000010804129
  3.9700000000000002 -1.0465674695358034  0.0844749370852257  0.0000000010843909
  3.9800000000000000 -1.0454396867675102  0.1410754575348816  0.0000000010916290
  3.9900000000000002 -1.0437461146432685  0.1976296959069773  0.0000000011020930
  4.0000000000000000 -1.0414873095776522  0.2541189094420944  0.0000000011157274
  4.0099999999999998 -1.0386640162118659  0.3105241877021707  0.0000000011324588
  4.0200000000000005 -1.0352771693254679  0.3668264057132039  0.0000000011521929
  4.0300000000000002 -1.0313278962124339  0.4230061779876600  0.0000000011748169
  4.0400000000000000 -1.0268175195117653  0.4790438136267274  0.0000000012001978
  4.0499999999999998 -1.0217475604808317  0.5349192727049292  0.0000000012281826
  4.0600000000000005 -1.0161197426976041  0.5906121241422376  0.0000000012585982
  4.0700000000000003 -1.0099359961758620  0.6461015052716244  0.0000000012912516
  4.0800000000000001 -1.0031984618753722  0.7013660833128332  0.0000000013259300
  4.0899999999999999 -0.9959094965869090  0.7563840189659579  0.0000000013624020
  4.0999999999999996 -0.9880716781698404  0.8111329323410215  0.0000000014004147
  4.1100000000000003 -0.9796878111178292  0.8655898714420488  0.0000000014396980
  4.1200000000000001 -0.9707609324260025  0.9197312834259457  0.0000000014799624
  4.1299999999999999 -0.9612943177307364  0.9735329888576956  0.0000000015209018
  4.1399999999999997 -0.9512914876909825  1.0269701591837819  0.0000000015621924
  4.1500000000000004 -0.9407562145778460  1.0800172976451781  0.0000000016034959
  4.1600000000000001 -0.9296925290369197  1.1326482238495283  0.0000000016444603
  4.1699999999999999 -0.9181047269856966  1.1848360622191014  0.0000000016847211
  4.1799999999999997 -0.9059973766062377  1.2365532345265393  0.0000000017239045
  4.1900000000000004 -0.8933753253911835  1.2877714567241820  0.0000000017616292
  4.2000000000000002 -0.8802437071991760  1.3384617402646342  0.0000000017975090
  4.2100000000000000 -0.8666079492738333  1.3885943981000946  0.0000000018311563
  4.2199999999999998 -0.8524737791786010  1.4381390555356397  0.0000000018621861
  4.2300000000000004 -0.8378472315981255  1.4870646660969813  0.0000000018902176
  4.2400000000000002 -0.8227346549552715  1.5353395325561081  0.0000000019148808
  4.2500000000000000 -0.8071427177915702  1.5829313332385517  0.0000000019358189
  4.2599999999999998 -0.7910784148577524  1.6298071537137253  0.0000000019526939
  4.2700000000000005 -0.7745490728601344  1.6759335239448285  0.0000000019651897
  4.2800000000000002 -0.7575623558079903  1.7212764609471847  0.0000000019730196
  4.2900000000000000 -0.7401262699067080  1.7658015169736057  0.0000000019759294
  4.2999999999999998 -0.7222491679415021  1.8094738332125535  0.0000000019737009
  4.3100000000000005 -0.7039397530967705  1.8522581989495828  0.0000000019661601
  4.3200000000000003 -0.6852070821568687  1.8941191161050015  0.0000000019531785
  4.3300000000000001 -0.6660605680351355  1.9350208690210684  0.0000000019346804
  4.3399999999999999 -0.6465099815794827  1.9749275993306450  0.0000000019106435
  4.3500000000000005 -0.6265654526047515  2.0138033856963480  0.0000000018811050
  4.3600000000000003 -0.6062374701043682  2.0516123281652798  0.0000000018461640
  4.3700000000000001 -0.5855368815966048  2.0883186368397717  0.0000000018059824
  4.3799999999999999 -0.5644748915639677  2.1238867245197190  0.0000000017607877
  4.3899999999999997 -0.5430630589479085  2.1582813029275458  0.0000000017108732
  4.4000000000000004 -0.5213132936651562  2.1914674820831310  0.0000000016565971
  4.4100000000000001 -0.4992378521165123  2.2234108723537562  0.0000000015983815
  4.4199999999999999 -0.4768493316639021  2.2540776886638905  0.0000000015367113
  4.4299999999999997 -0.4541606640568172  2.2834348563120175  0.0000000014721273
  4.4400000000000004 -0.4311851077949882  2.3114501178073610  0.0000000014052254
  4.4500000000000002 -0.4079362394201520  2.3380921401088757  0.0000000013366483
  4.4600000000000000 -0.3844279437360911  2.3633306216228447  0.0000000012670811
  4.4699999999999998 -0.3606744029626655  2.3871363982944045  0.0000000011972406
  4.4800000000000004 -0.3366900848362898  2.4094815481128378  0.0000000011278696
  4.4900000000000002 -0.3124897296761587  2.4303394933409783  0.0000000010597262
  4.5000000000000000 -0.2880883364424469  2.4496850997759712  0.0000000009935742
  4.5099999999999998 -0.2635011478196173  2.4674947723522229  0.0000000009301739
  4.5200000000000005 -0.2387436343648252  2.4837465464079100  0.0000000008702693
  4.5300000000000002 -0.2138314777681015  2.4984201739539973  0.0000000008145778
  4.5400000000000000 -0.1887805532774980  2.5114972043094088  0.0000000007637819
  4.5499999999999998 -0.1636069113485845  2.5229610584976929  0.0000000007185159
  4.5600000000000005 -0.1383267585835488  2.5327970968390465  0.0000000006793585
  4.5700000000000003 -0.1129564380305914  2.5409926792166164  0.0000000006468209
  4.5800000000000001 -0.0875124089192663  2.5475372175471676  0.0000000006213425
  4.5899999999999999 -0.0620112259118409  2.5524222200429851  0.0000000006032804
  4.6000000000000005 -0.0364695179545701  2.5556413269136433  0.0000000005929052
  4.6100000000000003 -0.0109039668159728  2.5571903372223401  0.0000000005903960
  4.6200000000000001  0.0146687145983013  2.5570672266810859  0.0000000005958375
  4.6299999999999999  0.0402318040626207  2.5552721562412888  0.0000000006092190
  4.6399999999999997  0.0657685918880852  2.5518074714103443  0.0000000006304338
  4.6500000000000004  0.0912624027260253  2.5466776922997476  0.0000000006592814
  4.6600000000000001  0.1166966172259456  2.5398894944851116  0.0000000006954707
  4.6699999999999999  0.1420546934567391  2.5314516808323124  0.0000000007386234
  4.6799999999999997  0.1673201880019076  2.5213751445159129  0.0000000007882818
  4.6900000000000004  0.1924767766421293  2.5096728235251309  0.0000000008439150
  4.7000000000000002  0.2175082745418019  2.4963596470180991  0.0000000009049276
  4.7100000000000000  0.2423986558601023  2.4814524739462387  0.0000000009706673
  4.7199999999999998  0.2671320727116105  2.4649700244265564  0.0000000010404384
  4.7300000000000004  0.2916928734065771  2.4469328043899758  0.0000000011135087
  4.7400000000000002  0.3160656199064218  2.4273630240779238  0.0000000011891215
  4.7500000000000000  0.3402351044359669  2.4062845109969366  0.0000000012665066
  4.7599999999999998  0.3641863652001635  2.3837226179717179  0.0000000013448900
  4.7700000000000005  0.3879047011596004  2.3597041269607351  0.0000000014235058
  4.7800000000000002  0.4113756858258131  2.3342571493149733  0.0000000015016051
  4.7900000000000000  0.4345851800442693  2.3074110231699754  0.0000000015784644
  4.7999999999999998  0.4575193437398278  2.2791962086638806  0.0000000016533969
  4.8100000000000005  0.4801646466063820  2.2496441816701132  0.0000000017257568
  4.8200000000000003  0.5025078777292349  2.2187873267229667  0.0000000017949474
  4.8300000000000001  0.5245361541354605  2.1866588297980010  0.0000000018604275
  4.8399999999999999  0.5462369282740219  2.1532925715873859  0.0000000019217140
  4.8500000000000005  0.5675979944336853  2.1187230218835973  0.0000000019783875
  4.8600000000000003  0.5886074941127529  2.0829851356537845  0.0000000020300923
  4.8700000000000001  0.6092539203602901  2.0461142513522512  0.0000000020765398
  4.8799999999999999  0.6295261211138068  2.0081459919804643  0.0000000021175073
  4.8899999999999997  0.6494133015632472  1.9691161693634209  0.0000000021528380
  4.9000000000000004  0.6689050255756197  1.9290606920686750  0.0000000021824397
  4.9100000000000001  0.6879912162186429  1.8880154773504776  0.0000000022062817
  4.9199999999999999  0.7066621554253839  1.8460163674568479  0.0000000022243924
  4.9299999999999997  0.7249084828450222  1.8030990505925439  0.0000000022368563
  4.9400000000000004  0.7427211939275754  1.7592989867863311  0.0000000022438081
  4.9500000000000002  0.7600916372926902  1.7146513388671096  0.0000000022454311
  4.9600000000000000  0.7770115114344304  1.6691909087107910  0.0000000022419500
  4.9699999999999998  0.7934728608154066  1.6229520788786482  0.0000000022336275
  4.9800000000000004  0.8094680714046029  1.5759687597285439  0.0000000022207589
  4.9900000000000002  0.8249898657138782  1.5282743420432059  0.0000000022036676
  5.0000000000000000  0.8400312973883884  1.4799016551847954  0.0000000021826997
  5.0099999999999998  0.8545857454061015  1.4308829307525488  0.0000000021582197
  5.0200000000000005  0.8686469079411950  1.3812497716903951  0.0000000021306056
  5.0300000000000002  0.8822087959454551  1.3310331267642124  0.0000000021002449
  5.0400000000000000  0.8952657265008693  1.2802632703038268  0.0000000020675309
  5.0499999999999998  0.9078123159954429  1.2289697870829537  0.0000000020328583
  5.0600000000000005  0.9198434731729023  1.1771815621909962  0.0000000019966193
  5.0700000000000003  0.9313543921054044  1.1249267757338666  0.0000000019592026
  5.0800000000000001  0.9423405451366660  1.0722329021866837  0.0000000019209887
  5.0899999999999999  0.9527976758410959  1.0191267142091971  0.0000000018823478
  5.1000000000000005  0.9627217920425691  0.9656342907249530  0.0000000018436382
  5.1100000000000003  0.9721091589344529  0.9117810290573903  0.0000000018052048
  5.1200000000000001  0.9809562923403933  0.8575916609100704  0.0000000017673758
  5.1299999999999999  0.9892599521532213  0.8030902719739212  0.0000000017304636
  5.1399999999999997  0.9970171359871512  0.7483003249415393  0.0000000016947621
  5.1500000000000004  1.0042250730762345  0.6932446857070583  0.0000000016605479
  5.1600000000000001  1.0108812184498157  0.6379456525296767  0.0000000016280771
  5.1699999999999999  1.0169832474135183  0.5824249879394641  0.0000000015975865
  5.1799999999999997  1.0225290503620832  0.5267039531653654  0.0000000015692941
  5.1900000000000004  1.0275167279481880  0.4708033448672252  0.0000000015433959
  5.2000000000000002  1.0319445866292056  0.4147435339560004  0.0000000015200700
  5.2100000000000000  1.0358111346117176  0.3585445062889854  0.0000000014994730
  5.2199999999999998  1.0391150782114760  0.3022259050296804  0.0000000014817417
  5.2300000000000004  1.0418553186444222  0.2458070744647875  0.0000000014669937
  5.2400000000000002  1.0440309492623063  0.1893071050735901  0.0000000014553266
  5.2500000000000000  1.0456412532444199  0.1327448796475691  0.0000000014468177
  5.2599999999999998  1.0466857017549420  0.0761391202604426  0.0000000014415257
  5.2700000000000005  1.0471639525734124  0.0195084358908071  0.0000000014394894
  5.2800000000000002  1.0470758492038774 -0.0371286294988428  0.0000000014407278
  5.2900000000000000  1.0464214204662927 -0.0937535486217941  0.0000000014452411
  5.2999999999999998  1.0452008805718276 -0.1503477624598988  0.0000000014530113
  5.3100000000000005  1.0434146296817655 -0.2068926319836939  0.0000000014639987
  5.3200000000000003  1.0410632549477568 -0.2633693901944186  0.0000000014781465
  5.3300000000000001  1.0381475320292279 -0.3197590946833129  0.0000000014953770
  5.3399999999999999  1.0346684270817925 -0.3760425809048727  0.0000000015155934
  5.3500000000000005  1.0306270992085345 -0.4322004163624625  0.0000000015386791
  5.3600000000000003  1.0260249033640378 -0.4882128559067911  0.0000000015644976
  5.3700000000000001  1.0208633936990250 -0.5440597983501820  0.0000000015928930
  5.3799999999999999  1.0151443273314154 -0.5997207446022295  0.0000000016236891
  5.3899999999999997  1.0088696685275553 -0.6551747575352407  0.0000000016566896
  5.4000000000000004  1.0020415932752649 -0.7104004237907161  0.0000000016916785
  5.4100000000000001  0.9946624942282233 -0.7653758177408946  0.0000000017284203
  5.4199999999999999  0.9867349859990636 -0.8200784678219623  0.0000000017666605
  5.4299999999999997  0.9782619107763650 -0.8744853254577509  0.0000000018061249
  5.4400000000000004  0.9692463442385372 -0.9285727367944843  0.0000000018465213
  5.4500000000000002  0.9596916017353788 -0.9823164174682054  0.0000000018875411
  5.4600000000000000  0.9496012447058744 -1.0356914306267735  0.0000000019288570
  5.4699999999999998  0.9389790872985749 -1.0886721684275722  0.0000000019701299
  5.4800000000000004  0.9278292031587096 -1.1412323372301514  0.0000000020110040
  5.4900000000000002  0.9161559323439938 -1.1933449466997446  0.0000000020511139
  5.5000000000000000  0.9039638883289661 -1.2449823030327820  0.0000000020900849
  5.5099999999999998  0.8912579650556043 -1.2961160065089830  0.0000000021275337
  5.5200000000000005  0.8780433439859657 -1.3467169535661740  0.0000000021630741
  5.5300000000000002  0.8643255011106881 -1.3967553435834885  0.0000000021963189
  5.5400000000000000  0.8501102138653891 -1.4462006905458940  0.0000000022268829
  5.5499999999999998  0.8354035679053498 -1.4950218397479385  0.0000000022543876
  5.5600000000000005  0.8202119636873708 -1.5431869896770760  0.0000000022784643
  5.5700000000000003  0.8045421228063881 -1.5906637191968409  0.0000000022987590
  5.5800000000000001  0.7884010940333404 -1.6374190201274124  0.0000000023149370
  5.5899999999999999  0.7717962589999320 -1.6834193352957170  0.0000000023266871
  5.6000000000000005  0.7547353374753514 -1.7286306020991551  0.0000000023337273
  5.6100000000000003  0.7372263921797144 -1.7730183015963381  0.0000000023358083
  5.6200000000000001  0.7192778330790336 -1.8165475131049869  0.0000000023327201
  5.6299999999999999  0.7008984211068884 -1.8591829742514743  0.0000000023242950
  5.6399999999999997  0.6820972712587146 -1.9008891463785886  0.0000000023104134
  5.6500000000000004  0.6628838550057634 -1.9416302851781668  0.0000000022910071
  5.6600000000000001  0.6432680019773216 -1.9813705163735804  0.0000000022660646
  5.6699999999999999  0.6232599008617477 -2.0200739162339794  0.0000000022356326
  5.6799999999999997  0.6028700994792807 -2.0577045966580876  0.0000000021998197
  5.6900000000000004  0.5821095039824241 -2.0942267945206359  0.0000000021587990
  5.7000000000000002  0.5609893771429981 -2.1296049649296771  0.0000000021128089
  5.7100000000000000  0.5395213356886980 -2.1638038779985846  0.0000000020621532
  5.7199999999999998  0.5177173466561729 -2.1967887186930231  0.0000000020072007
  5.7300000000000004  0.4955897227322501 -2.2285251892712039  0.0000000019483848
  5.7400000000000002  0.4731511165599482 -2.2589796137958791  0.0000000018861980
  5.7500000000000000  0.4504145139913242 -2.2881190441594050  0.0000000018211921
  5.7599999999999998  0.4273932262749602 -2.3159113670294631  0.0000000017539704
  5.7700000000000005  0.4041008811719716 -2.3423254110932112  0.0000000016851835
  5.7800000000000002  0.3805514130007694 -2.3673310539524079  0.0000000016155211
  5.7900000000000000  0.3567590516173924 -2.3908993280018982  0.0000000015457063
  5.7999999999999998  0.3327383103449747 -2.4130025246093276  0.0000000014764838
  5.8100000000000005  0.3085039728727862 -2.4336142959054685  0.0000000014086146
  5.8200000000000003  0.2840710791522039 -2.4527097534925293  0.0000000013428622
  5.8300000000000001  0.2594549103238805 -2.4702655633825228  0.0000000012799843
  5.8399999999999999  0.2346709727172031 -2.4862600364894600  0.0000000012207212
  5.8500000000000005  0.2097349809698111 -2.5006732140178833  0.0000000011657868
  5.8600000000000003  0.1846628403213910 -2.5134869471161001  0.0000000011158552
  5.8700000000000001  0.1594706281421265 -2.5246849701953078  0.0000000010715526
  5.8799999999999999  0.1341745747619755 -2.5342529673554224  0.0000000010334468
  5.8899999999999997  0.1087910436723155 -2.5421786314045121  0.0000000010020382
  5.9000000000000004  0.0833365111763696 -2.5484517150108572  0.0000000009777530
  5.9100000000000001  0.0578275455691552 -2.5530640735843040  0.0000000009609344
  5.9199999999999999  0.0322807859314201 -2.5560096995460961  0.0000000009518383
  5.9299999999999997  0.0067129206251090 -2.5572847477130725  0.0000000009506286
  5.9400000000000004 -0.0188593344197044 -2.5568875515921947  0.0000000009573747
  5.9500000000000002 -0.0444192575348025 -2.5548186304539944  0.0000000009720497
  5.9600000000000000 -0.0699501431681702 -2.5510806871277820  0.0000000009945318
  5.9699999999999998 -0.0954353236699440 -2.5456785965364435  0.0000000010246052
  5.9800000000000004 -0.1208581909177625 -2.5386193850633929  0.0000000010619639
  5.9900000000000002 -0.1462022176906093 -2.5299122009178583  0.0000000011062159
  6.0000000000000000 -0.1714509787022615 -2.5195682757361837  0.0000000011568919
  6.0099999999999998 -0.1965881712081806 -2.5076008777254217  0.0000000012134485
  6.0200000000000005 -0.2215976351030707 -2.4940252567202927  0.0000000012752817
  6.0300000000000002 -0.2464633724303464 -2.4788585815848747  0.0000000013417314
  6.0400000000000000 -0.2711695662293479 -2.4621198704454796  0.0000000014120941
  6.0499999999999998 -0.2957005986512536 -2.4438299142904936  0.0000000014856333
  6.0600000000000005 -0.3200410682802221 -2.4240111945160137  0.0000000015615896
  6.0700000000000003 -0.3441758066022695 -2.4026877950325485  0.0000000016391909
  6.0800000000000001 -0.3680898935706962 -2.3798853095775763  0.0000000017176649
  6.0899999999999999 -0.3917686722234409 -2.3556307449012404  0.0000000017962468
  6.1000000000000005 -0.4151977623144974 -2.3299524205078446  0.0000000018741917
  6.1100000000000003 -0.4383630729284034 -2.3028798656441642  0.0000000019507816
  6.1200000000000001 -0.4612508140537332 -2.2744437142270710  0.0000000020253358
  6.1299999999999999 -0.4838475070984308 -2.2446755983978393  0.0000000020972156
  6.1400000000000006 -0.5061399943366430 -2.2136080413790991  0.0000000021658338
  6.1500000000000004 -0.5281154472833884 -2.1812743502931458  0.0000000022306580
  6.1600000000000001 -0.5497613739998775 -2.1477085095776784  0.0000000022912157
  6.1699999999999999 -0.5710656253385257 -2.1129450756075663  0.0000000023470972
  6.1799999999999997 -0.5920164001426326 -2.0770190730994860  0.0000000023979583
  6.1900000000000004 -0.6126022494212927 -2.0399658938408423  0.0000000024435209
  6.2000000000000002 -0.6328120795253299 -2.0018211982458922  0.0000000024835737
  6.2100000000000000 -0.6526351543548711 -1.9626208202010487  0.0000000025179699
  6.2199999999999998 -0.6720610966335836 -1.9224006756185577  0.0000000025466282
  6.2300000000000004 -0.6910798882885740 -1.8811966750737226  0.0000000025695271
  6.2400000000000002 -0.7096818699784713 -1.8390446408561454  0.0000000025867052
  6.2500000000000000 -0.7278577398153019 -1.7959802287206179  0.0000000025982548
  6.2599999999999998 -0.7455985513283954 -1.7520388545788124  0.0000000026043199
  6.2700000000000005 -0.7628957107207510 -1.7072556263292515  0.0000000026050898
  6.2800000000000002 -0.7797409734700590 -1.6616652809805876  0.0000000026007961
  6.2900000000000000 -0.7961264403279131 -1.6153021271823382  0.0000000025917077
  6.2999999999999998 -0.8120445527716971 -1.5681999932382311  0.0000000025781244
  6.3100000000000005 -0.8274880879641909 -1.5203921806404406  0.0000000025603736
  6.3200000000000003 -0.8424501532761541 -1.4719114231284678  0.0000000025388048
  6.3300000000000001 -0.8569241804270153 -1.4227898512443700  0.0000000025137846
  6.3399999999999999 -0.8709039192983669 -1.3730589623265941  0.0000000024856940
  6.3500000000000005 -0.8843834314742488 -1.3227495958578710  0.0000000024549207
  6.3600000000000003 -0.8973570835612388 -1.2718919140584992  0.0000000024218585
  6.3700000000000001 -0.9098195403401675 -1.2205153875948835  0.0000000023869021
  6.3799999999999999 -0.9217657577998826 -1.1686487862543253  0.0000000023504435
  6.3900000000000006 -0.9331909761019076 -1.1163201744207201  0.0000000023128706
  6.4000000000000004 -0.9440907125231225 -1.0635569111718952  0.0000000022745617
  6.4100000000000001 -0.9544607544217329 -1.0103856548076813  0.0000000022358855
  6.4199999999999999 -0.9642971522698430 -0.9568323716083151  0.0000000021971980
  6.4299999999999997 -0.9735962127938999 -0.9029223486152634  0.0000000021588412
  6.4400000000000004 -0.9823544922621702 -0.8486802102208494  0.0000000021211416
  6.4500000000000002 -0.9905687899562521 -0.7941299383490033  0.0000000020844079
  6.4600000000000000 -0.9982361418614318 -0.7392948960068445  0.0000000020489321
  6.4699999999999998 -1.0053538146084879 -0.6841978539854627  0.0000000020149862
  6.4800000000000004 -1.0119192996973245 -0.6288610204880171  0.0000000019828242
  6.4900000000000002 -1.0179303080305993 -0.5733060734639390  0.0000000019526794
  6.5000000000000000 -1.0233847647833083 -0.5175541954294320  0.0000000019247661
  6.5099999999999998 -1.0282808046320984 -0.4616261105564467  0.0000000018992778
  6.5200000000000005 -1.0326167673659123 -0.4055421238147213  0.0000000018763887
  6.5300000000000002 -1.0363911938974335 -0.3493221619541609  0.0000000018562526
  6.5400000000000000 -1.0396028226926795 -0.2929858161176567  0.0000000018390027
  6.5499999999999998 -1.0422505866340117 -0.2365523858772904  0.0000000018247536
  6.5600000000000005 -1.0443336103297731 -0.1800409244896205  0.0000000018135993
  6.5700000000000003 -1.0458512078817310 -0.1234702851683069  0.0000000018056140
  6.5800000000000001 -1.0468028811195018 -0.0668591681746105  0.0000000018008531
  6.5899999999999999 -1.0471883183091462 -0.0102261685282392  0.0000000017993522
  6.6000000000000005 -1.0470073933411570  0.0464101758574674  0.0000000018011281
  6.6100000000000003 -1.0462601654011088  0.1030313358109448  0.0000000018061775
  6.6200000000000001 -1.0449468791242895  0.1596187425027456  0.0000000018144778
  6.6299999999999999 -1.0430679652336960  0.2161537392050688  0.0000000018259880
  6.6400000000000006 -1.0406240416588262  0.2726175334051384  0.0000000018406469
  6.6500000000000004 -1.0376159151307549  0.3289911494679965  0.0000000018583742
  6.6600000000000001 -1.0340445832470149  0.3852553820456384  0.0000000018790690
  6.6699999999999999 -1.0299112369978261  0.4413907504312131  0.0000000019026125
  6.6799999999999997 -1.0252172637432240  0.4973774540591727  0.0000000019288648
  6.6900000000000004 -1.0199642506286086  0.5531953293547209  0.0000000019576663
  6.7000000000000002 -1.0141539884241959  0.6088238081386095  0.0000000019888372
  6.7100000000000000 -1.0077884757717748  0.6642418777961460  0.0000000020221789
  6.7199999999999998 -1.0008699238200733  0.7194280434221310  0.0000000020574721
  6.7300000000000004 -0.9934007612279021  0.7743602921561891  0.0000000020944776
  6.7400000000000002 -0.9853836395120896  0.8290160599254861  0.0000000021329374
  6.7500000000000000 -0.9768214387150412  0.8833722008139789  0.0000000021725749
  6.7599999999999998 -0.9677172733645534  0.9374049592789835  0.0000000022130955
  6.7700000000000005 -0.9580744986963020  0.9910899454367951  0.0000000022541862
  6.7800000000000002 -0.9478967171072049  1.0444021136392019  0.0000000022955188
  6.7900000000000000 -0.9371877848056429  1.0973157445618031  0.0000000023367507
  6.7999999999999998 -0.9259518186223265  1.1498044310229152  0.0000000023775252
  6.8100000000000005 -0.9141932029434211  1.2018410677483264  0.0000000024174743
  6.8200000000000003 -0.9019165967254180  1.2533978452920751  0.0000000024562218
  6.8300000000000001 -0.8891269405491657  1.3044462483165811  0.0000000024933843
  6.8399999999999999 -0.8758294636684891  1.3549570584267083  0.0000000025285753
  6.8500000000000005 -0.8620296910069273  1.4049003617414828  0.0000000025614072
  6.8600000000000003 -0.8477334500543486  1.4542455613741125  0.0000000025914956
  6.8700000000000001 -0.8329468776135710  1.5029613949754967  0.0000000026184631
  6.8799999999999999 -0.8176764263456486  1.5510159574784717  0.0000000026419439
  6.8900000000000006 -0.8019288710612175  1.5983767291595194  0.0000000026615861
  6.9000000000000004 -0.7857113147042359  1.6450106091115013  0.0000000026770592
  6.9100000000000001 -0.7690311939736495  1.6908839541951488  0.0000000026880560
  6.9199999999999999 -0.7518962845279703  1.7359626235085435  0.0000000026942995
  6.9299999999999997 -0.7343147057175244  1.7802120283826990  0.0000000026955467
  6.9400000000000004 -0.7162949247892050  1.8235971878777111  0.0000000026915942
  6.9500000000000002 -0.6978457605090012  1.8660827897178940  0.0000000026822814
  6.9600000000000000 -0.6789763861483807  1.9076332565660692  0.0000000026674977
  6.9699999999999998 -0.6596963317818006  1.9482128174969362  0.0000000026471835
  6.9800000000000004 -0.6400154858442280  1.9877855844875378  0.0000000026213367
  6.9900000000000002 -0.6199440958995919  2.0263156336995527  0.0000000025900134
  7.0000000000000000 -0.5994927685735576  2.0637670912839128  0.0000000025533335
  7.0099999999999998 -0.5786724686069328  2.1001042233934779  0.0000000025114805
  7.0200000000000005 -0.5574945169893856  2.1352915300446869  0.0000000024647031
  7.0300000000000002 -0.5359705881369627  2.1692938424247750  0.0000000024133164
  7.0400000000000000 -0.5141127060811526  2.2020764231978478  0.0000000023576995
  7.0499999999999998 -0.4919332396419098  2.2336050693214307  0.0000000022982957
  7.0600000000000005 -0.4694448965621476  2.2638462168456548  0.0000000022356078
  7.0700000000000003 -0.4466607165866606  2.2927670471306421  0.0000000021701958
  7.0800000000000001 -0.4235940634742622  2.3203355938844945  0.0000000021026719
  7.0899999999999999 -0.4002586159380372  2.3465208503952062  0.0000000020336932
  7.1000000000000005 -0.3766683575150120  2.3712928763053682  0.0000000019639554
  7.1100000000000003 -0.3528375653731495  2.3946229032592834  0.0000000018941859
  7.1200000000000001 -0.3287807980703566  2.4164834387385352  0.0000000018251333
  7.1299999999999999 -0.3045128822870743  2.4368483673946186  0.0000000017575587
  7.1400000000000006 -0.2800488985609417  2.4556930491863036  0.0000000016922252
  7.1500000000000004 -0.2554041660589272  2.4729944136352437  0.0000000016298901
  7.1600000000000001 -0.2305942264291279  2.4887310495261814  0.0000000015712888
  7.1699999999999999 -0.2056348267810770  2.5028832893980133  0.0000000015171293
  7.1799999999999997 -0.1805419018498113  2.5154332881989885  0.0000000014680783
  7.1900000000000004 -0.1553315554050525  2.5263650955132575  0.0000000014247541
  7.2000000000000002 -0.1300200409725848  2.5356647208067149  0.0000000013877135
  7.2100000000000000 -0.1046237419402030  2.5433201911871679  0.0000000013574459
  7.2199999999999998 -0.0791591511253946  2.5493216012269451  0.0000000013343630
  7.2300000000000004 -0.0536428498861478  2.5536611544545371  0.0000000013187950
  7.2400000000000002 -0.0280914868599014  2.5563331961851228  0.0000000013109827
  7.2500000000000000 -0.0025217564186192  2.5573342374271428  0.0000000013110746
  7.2599999999999998  0.0230496230697498  2.5566629696726344  0.0000000013191250
  7.2700000000000005  0.0486059310816061  2.5543202704520014  0.0000000013350904
  7.2800000000000002  0.0741304667871853  2.5503091996083240  0.0000000013588338
  7.2900000000000000  0.0996065708164790  2.5446349863213249  0.0000000013901245
  7.2999999999999998  0.1250176468495495  2.5373050069857297  0.0000000014286415
  7.3100000000000005  0.1503471829406116  2.5283287541220787  0.0000000014739808
  7.3200000000000003  0.1755787724873943  2.5177177965691451  0.0000000015256593
  7.3300000000000001  0.2006961347601292  2.5054857312751282  0.0000000015831240
  7.3399999999999999  0.2256831349080077  2.4916481270689093  0.0000000016457604
  7.3500000000000005  0.2505238033650644  2.4762224608521359  0.0000000017129002
  7.3600000000000003  0.2752023545821272  2.4592280467070817  0.0000000017838350
  7.3700000000000001  0.2997032050166694  2.4406859584635585  0.0000000018578229
  7.3799999999999999  0.3240109903180500  2.4206189463101442  0.0000000019341015
  7.3900000000000006  0.3481105816516606  2.3990513480703108  0.0000000020118986
  7.4000000000000004  0.3719871011118523  2.3760089957924224  0.0000000020904420
  7.4100000000000001  0.3956259361801179  2.3515191183238806  0.0000000021689701
  7.4199999999999999  0.4190127531917848  2.3256102405539374  0.0000000022467411
  7.4299999999999997  0.4421335097813602  2.2983120800168915  0.0000000023230430
  7.4400000000000004  0.4649744662835961  2.2696554415477750  0.0000000023972009
  7.4500000000000002  0.4875221960742355  2.2396721106764463  0.0000000024685852
  7.4600000000000000  0.5097635948412055  2.2083947464336191  0.0000000025366166
  7.4699999999999998  0.5316858887836693  2.1758567742241763  0.0000000026007722
  7.4800000000000004  0.5532766417427927  2.1420922793996611  0.0000000026605899
  7.4900000000000002  0.5745237612742590  2.1071359021336149  0.0000000027156706
  7.5000000000000000  0.5954155036784468  2.0710227341710348  0.0000000027656809
  7.5099999999999998  0.6159404780097191  2.0337882179872464  0.0000000028103533
  7.5200000000000005  0.6360876490914334  1.9954680488525554  0.0000000028494871
  7.5300000000000002  0.6558463395680412  1.9560980802577510  0.0000000028829471
  7.5400000000000000  0.6752062310299815  1.9157142331125119  0.0000000029106612
  7.5499999999999998  0.6941573642509749  1.8743524090845907  0.0000000029326185
  7.5600000000000005  0.7126901385807782  1.8320484084028981  0.0000000029488665
  7.5700000000000003  0.7307953105394679  1.7888378524027881  0.0000000029595062
  7.5800000000000001  0.7484639916618793  1.7447561110474741  0.0000000029646893
  7.5899999999999999  0.7656876456429531  1.6998382356160007  0.0000000029646124
  7.6000000000000005  0.7824580848364288  1.6541188967059881  0.0000000029595137
  7.6100000000000003  0.7987674661606033  1.6076323276587672  0.0000000029496672
  7.6200000000000001  0.8146082864657572  1.5604122734758641  0.0000000029353777
  7.6299999999999999  0.8299733774183509  1.5124919452592929  0.0000000029169768
  7.6400000000000006  0.8448558999572500  1.4639039801739824  0.0000000028948169
  7.6500000000000004  0.8592493383770595  1.4146804068990362  0.0000000028692672
  7.6600000000000001  0.8731474940931662  1.3648526165055064  0.0000000028407100
  7.6699999999999999  0.8865444791423315  1.3144513386719985  0.0000000028095345
  7.6799999999999997  0.8994347094716714  1.2635066231257419  0.0000000027761348
  7.6900000000000004  0.9118128980676258  1.2120478261757170  0.0000000027409053
  7.7000000000000002  0.9236740479750942  1.1601036021859903  0.0000000027042382
  7.7100000000000000  0.9350134452553123  1.1077018998214689  0.0000000026665188
  7.7199999999999998  0.9458266519292974  1.0548699628847462  0.0000000026281245
  7.7300000000000004  0.9561094989518200  1.0016343355514323  0.0000000025894223
  7.7400000000000002  0.9658580792588829  0.9480208718022081  0.0000000025507663
  7.7500000000000000  0.9750687409296371  0.8940547488426326  0.0000000025124954
  7.7599999999999998  0.9837380805015422  0.8397604842963179  0.0000000024749334
  7.7700000000000005  0.9918629364754177  0.7851619569532665  0.0000000024383865
  7.7800000000000002  0.9994403830448350  0.7302824308527777  0.0000000024031430
  7.7900000000000000  1.0064677240820876  0.6751445824791791  0.0000000023694728
  7.7999999999999998  1.0129424874107584  0.6197705308485554  0.0000000023376256
  7.8100000000000005  1.0188624193926870  0.5641818702654419  0.0000000023078326
  7.8200000000000003  1.0242254798549388  0.5083997055299672  0.0000000022803036
  7.8300000000000001  1.0290298373801914  0.4524446893779942  0.0000000022552302
  7.8399999999999999  1.0332738649817892  0.3963370619392735  0.0000000022327821
  7.8500000000000005  1.0369561361825848  0.3400966920013393  0.0000000022131103
  7.8600000000000003  1.0400754215145742  0.2837431198697175  0.0000000021963448
  7.8700000000000001  1.0426306854542535  0.2272956016178521  0.0000000021825967
  7.8799999999999999  1.0446210838065728  0.1707731545228802  0.0000000021719568
  7.8900000000000006  1.0460459615483375  0.1141946034859077  0.0000000021644971
  7.9000000000000004  1.0469048511399042  0.0575786282376652  0.0000000021602687
  7.9100000000000001  1.0471974713120373  0.0009438111322932  0.0000000021593046
  7.9199999999999999  1.0469237263328286 -0.0556913146665410  0.0000000021616177
  7.9300000000000006  1.0460837057576262 -0.1123082168019970  0.0000000021672018
  7.9400000000000004  1.0446776846629797 -0.1688883153371781  0.0000000021760318
  7.9500000000000002  1.0427061243636602 -0.2254129345592979  0.0000000021880624
  7.9600000000000000  1.0401696736098711 -0.2818632551696718  0.0000000022032304
  7.9699999999999998  1.0370691702598174 -0.3382202670552924  0.0000000022214512
  7.9800000000000004  1.0334056434208276 -0.3944647228391827  0.0000000022426214
  7.9900000000000002  1.0291803160502513 -0.4505770924085790  0.0000000022666190
  8.0000000000000000  1.0243946080053479 -0.5065375186222144  0.0000000022933005
  8.0099999999999998  1.0190501395293587 -0.5623257744004815  0.0000000023225029
  8.0199999999999996  1.0131487351589041 -0.6179212214049770  0.0000000023540442
  8.0299999999999994  1.0066924280357670 -0.6733027705167635  0.0000000023877212
  8.0400000000000009  0.9996834646040174 -0.7284488443255240  0.0000000024233118
  8.0500000000000007  0.9921243096712966 -0.7833373418445084  0.0000000024605740
  8.0600000000000005  0.9840176518109180 -0.8379456056686454  0.0000000024992461
  8.0700000000000003  0.9753664090792575 -0.8922503917952764  0.0000000025390495
  8.0800000000000001  0.9661737350207030 -0.9462278423285022  0.0000000025796848
  8.0899999999999999  0.9564430249302180 -0.9998534612889578  0.0000000026208385
  8.0999999999999996  0.9461779223413567 -1.0531020937507782  0.0000000026621787
  8.1099999999999994  0.9353823257053522 -1.1059479085264061  0.0000000027033602
  8.1200000000000010  0.9240603952247074 -1.1583643846175478  0.0000000027440248
  8.1300000000000008  0.9122165598025493 -1.2103243016468146  0.0000000027838029
  8.1400000000000006  0.8998555240668892 -1.2617997344792300  0.0000000028223172
  8.1500000000000004  0.8869822754268727 -1.3127620522356336  0.0000000028591833
  8.1600000000000001  0.8736020911161286 -1.3631819218909258  0.0000000028940141
  8.1699999999999999  0.8597205451764486 -1.4130293166388945  0.0000000029264224
  8.1799999999999997  0.8453435153332771 -1.4622735291918993  0.0000000029560250
  8.1899999999999995  0.8304771897128892 -1.5108831901678377  0.0000000029824460
  8.1999999999999993  0.8151280733496945 -1.5588262916984510  0.0000000030053209
  8.2100000000000009  0.7993029944308706 -1.6060702163720866  0.0000000030243020
  8.2200000000000006  0.7830091102245132 -1.6525817716004263  0.0000000030390619
  8.2300000000000004  0.7662539126367243 -1.6983272294724239  0.0000000030492975
  8.2400000000000002  0.7490452333425678 -1.7432723721297629  0.0000000030547380
  8.2500000000000000  0.7313912484356393 -1.7873825426666028  0.0000000030551458
  8.2599999999999998  0.7133004825411314 -1.8306227015223302  0.0000000030503245
  8.2699999999999996  0.6947818123377727 -1.8729574882996136  0.0000000030401218
  8.2799999999999994  0.6758444694348865 -1.9143512889014573  0.0000000030244343
  8.2900000000000009  0.6564980425520781 -1.9547683078404268  0.0000000030032117
  8.3000000000000007  0.6367524789507385 -1.9941726455310418  0.0000000029764615
  8.3100000000000005  0.6166180850686585 -2.0325283803328826  0.0000000029442507
  8.3200000000000003  0.5961055263115931 -2.0697996550675875  0.0000000029067085
  8.3300000000000001  0.5752258259586079 -2.1059507676881228  0.0000000028640297
  8.3399999999999999  0.5539903631414794 -2.1409462657339331  0.0000000028164735
  8.3499999999999996  0.5324108698623068 -2.1747510441613742  0.0000000027643657
  8.3599999999999994  0.5104994270178164 -2.2073304460957699  0.0000000027080964
  8.3700000000000010  0.4882684594035831 -2.2386503660100683  0.0000000026481178
  8.3800000000000008  0.4657307296765421 -2.2686773547960550  0.0000000025849437
  8.3900000000000006  0.4428993312596867 -2.2973787261579970  0.0000000025191427
  8.4000000000000004  0.4197876801787171 -2.3247226637260598  0.0000000024513344
  8.4100000000000001  0.3964095058265744 -2.3506783282584780  0.0000000023821826
  8.4199999999999999  0.3727788406582280 -2.3752159642778237  0.0000000023123892
  8.4299999999999997  0.3489100088247292 -2.3983070054683640  0.0000000022426855
  8.4399999999999995  0.3248176137623381 -2.4199241781489018  0.0000000021738226
  8.4499999999999993  0.3005165247594276 -2.4400416021290994  0.0000000021065629
  8.4600000000000009  0.2760218625307912 -2.4586348882574431  0.0000000020416697
  8.4700000000000006  0.2513489838358718 -2.4756812319759822  0.0000000019798965
  8.4800000000000004  0.2265134651842122 -2.4911595022109694  0.0000000019219754
  8.4900000000000002  0.2015310856780382 -2.5050503249496132  0.0000000018686083
  8.5000000000000000  0.1764178090482474 -2.5173361608812996  0.0000000018204552
  8.5099999999999998  0.1511897649461237 -2.5280013765167273  0.0000000017781241
  8.5199999999999996  0.1258632295587610 -2.5370323082401840  0.0000000017421623
  8.5299999999999994  0.1004546056213882 -2.5444173187983035  0.0000000017130461
  8.5400000000000009  0.0749804019044943 -2.5501468457826442  0.0000000016911744
  8.5500000000000007  0.0494572122577807 -2.5542134417227413  0.0000000016768634
  8.5600000000000005  0.0239016942964899 -2.5566118054702609  0.0000000016703391
  8.5700000000000003 -0.0016694521814860 -2.5573388046227774  0.0000000016717341
  8.5800000000000001 -0.0272395069571505 -2.5563934888067101  0.0000000016810868
  8.5899999999999999 -0.0527917512385953 -2.5537770937122057  0.0000000016983390
  8.5999999999999996 -0.0783094895031341 -2.5494930358473606  0.0000000017233374
  8.6099999999999994 -0.1037760712407214 -2.5435468980541733  0.0000000017558365
  8.6200000000000010 -0.1291749125067952 -2.5359464059030978  0.0000000017955015
  8.6300000000000008 -0.1544895171942198 -2.5267013951560822  0.0000000018419150
  8.6400000000000006 -0.1797034979362586 -2.5158237705586295  0.0000000018945815
  8.6500000000000004 -0.2048005965554517 -2.5033274562888432  0.0000000019529378
  8.6600000000000001 -0.2297647039768753 -2.4892283384548302  0.0000000020163587
  8.6699999999999999 -0.2545798795284681 -2.4735442000904850  0.0000000020841707
  8.6799999999999997 -0.2792303695558849 -2.4562946491529432  0.0000000021556570
  8.6899999999999995 -0.3037006252846087 -2.4375010400722945  0.0000000022300731
  8.7000000000000011 -0.3279753198677713 -2.4171863894450896  0.0000000023066541
  8.7100000000000009 -0.3520393645642221 -2.3953752864973419  0.0000000023846263
  8.7200000000000006 -0.3758779239977869 -2.3720937989699813  0.0000000024632191
  8.7300000000000004 -0.3994764304552901 -2.3473693750998548  0.0000000025416731
  8.7400000000000002 -0.4228205971877224 -2.3212307423824479  0.0000000026192511
  8.7500000000000000 -0.4458964306858259 -2.2937078038085721  0.0000000026952468
  8.7599999999999998 -0.4686902419083009 -2.2648315322665500  0.0000000027689921
  8.7699999999999996 -0.4911886564477182 -2.2346338637941989  0.0000000028398649
  8.7799999999999994 -0.5133786236260018 -2.2031475903515476  0.0000000029072954
  8.7900000000000009 -0.5352474245179696 -2.1704062527661403  0.0000000029707704
  8.8000000000000007 -0.5567826789078151 -2.1364440344785018  0.0000000030298369
  8.8100000000000005 -0.5779723511895529 -2.1012956566864007  0.0000000030841079
  8.8200000000000003 -0.5988047552282726 -2.0649962754535087  0.0000000031332597
  8.8300000000000001 -0.6192685582045205 -2.0275813813115655  0.0000000031770365
  8.8399999999999999 -0.6393527834692303 -1.9890867018457838  0.0000000032152480
  8.8499999999999996 -0.6590468124413071 -1.9495481077116232  0.0000000032477698
  8.8599999999999994 -0.6783403855842427 -1.9090015224878054  0.0000000032745394
  8.8700000000000010 -0.6972236025019624 -1.8674828367261400  0.0000000032955566
  8.8800000000000008 -0.7156869211974890 -1.8250278265139246  0.0000000033108767
  8.8900000000000006 -0.7337211565409413 -1.7816720768199059  0.0000000033206105
  8.9000000000000004 -0.7513174779958726 -1.7374509098505322  0.0000000033249167
  8.9100000000000001 -0.7684674066550051 -1.6923993185999060  0.0000000033239996
  8.9199999999999999 -0.7851628116380396 -1.6465519057348792  0.0000000033181031
  8.9299999999999997 -0.8013959059054278 -1.5999428279164354  0.0000000033075069
  8.9399999999999995 -0.8171592415428186 -1.5526057456201807  0.0000000032925201
  8.9500000000000011 -0.8324457045713297 -1.5045737784826425  0.0000000032734785
  8.9600000000000009 -0.8472485093388953 -1.4558794661663419  0.0000000032507375
  8.9700000000000006 -0.8615611925477114 -1.4065547347054055  0.0000000032246688
  8.9800000000000004 -0.8753776069722727 -1.3566308682648911  0.0000000031956553
  8.9900000000000002 -0.8886919149216949 -1.3061384862210812  0.0000000031640881
  9.0000000000000000 -0.9014985814989699 -1.2551075254467481  0.0000000031303620
  9.0099999999999998 -0.9137923677085382 -1.2035672276647873  0.0000000030948700
  9.0199999999999996 -0.9255683234621009 -1.1515461317155855  0.0000000030580042
  9.0299999999999994 -0.9368217805309713 -1.0990720705679569  0.0000000030201484
  9.0400000000000009 -0.9475483454914945 -1.0461721728903175  0.0000000029816791
  9.0500000000000007 -0.9577438927081748 -0.9928728689878532  0.0000000029429607
  9.0600000000000005 -0.9674045573971616 -0.9391999009026054  0.0000000029043447
  9.0700000000000003 -0.9765267288106776 -0.8851783364665030  0.0000000028661685
  9.0800000000000001 -0.9851070435808484 -0.8308325870922201  0.0000000028287519
  9.0899999999999999 -0.9931423792592191 -0.7761864290831726  0.0000000027923995
  9.0999999999999996 -1.0006298480860465 -0.7212630282417904  0.0000000027573962
  9.1099999999999994 -1.0075667910212425 -0.6660849675542405  0.0000000027240079
  9.1200000000000010 -1.0139507720666208 -0.6106742777298448  0.0000000026924822
  9.1300000000000008 -1.0197795729068924 -0.5550524703743684  0.0000000026630465
  9.1400000000000006 -1.0250511878946482 -0.4992405735779636  0.0000000026359077
  9.1500000000000004 -1.0297638194023888 -0.4432591697007017  0.0000000026112532
  9.1600000000000001 -1.0339158735625025 -0.3871284351411368  0.0000000025892505
  9.1699999999999999 -1.0375059564139606 -0.3308681818760942  0.0000000025700468
  9.1799999999999997 -1.0405328704723951 -0.2744979005627183  0.0000000025537694
  9.1899999999999995 -1.0429956117381471 -0.2180368049966452  0.0000000025405249
  9.2000000000000011 -1.0448933671548302 -0.1615038777228593  0.0000000025304021
  9.2100000000000009 -1.0462255125289261 -0.1049179165982722  0.0000000025234687
  9.2200000000000006 -1.0469916109189370 -0.0482975821072376  0.0000000025197735
  9.2300000000000004 -1.0471914115006351  0.0083385547669813  0.0000000025193456
  9.2400000000000002 -1.0468248489129923  0.0649719643103956  0.0000000025221957
  9.2500000000000000 -1.0458920430874172  0.1215841096808072  0.0000000025283140
  9.2599999999999998 -1.0443932995609868  0.1781563985389194  0.0000000025376722
  9.2699999999999996 -1.0423291102724141  0.2346701349023699  0.0000000025502223
  9.2799999999999994 -1.0397001548375493  0.2911064714175931  0.0000000025658966
  9.2900000000000009 -1.0365073022992564  0.3474463622454735  0.0000000025846083
  9.3000000000000007 -1.0327516133445438  0.4036705167582618  0.0000000026062511
  9.3100000000000005 -1.0284343429798384  0.4597593542471468  0.0000000026306987
  9.3200000000000003 -1.0235569436532914  0.5156929598421451  0.0000000026578049
  9.3300000000000001 -1.0181210688109750  0.5714510418485246  0.0000000026874036
  9.3399999999999999 -1.0121285768717696  0.6270128907067206  0.0000000027193090
  9.3499999999999996 -1.0055815356036621  0.6823573397855500  0.0000000027533154
  9.3599999999999994 -0.9984822268820611  0.7374627282213562  0.0000000027891969
  9.3700000000000010 -0.9908331518085939  0.7923068660184096  0.0000000028267084
  9.3800000000000008 -0.9826370361666876  0.8468670016283119  0.0000000028655859
  9.3900000000000006 -0.9738968361880462  0.9011197922281495  0.0000000029055461
  9.4000000000000004 -0.9646157446019306  0.9550412769185801  0.0000000029462887
  9.4100000000000001 -0.9547971969369340  1.0086068530637193  0.0000000029874960
  9.4199999999999999 -0.9444448780427259  1.0617912559944895  0.0000000030288342
  9.4299999999999997 -0.9335627287970256  1.1145685422957834  0.0000000030699561
  9.4399999999999995 -0.9221549529608764  1.1669120768952346  0.0000000031105005
  9.4500000000000011 -0.9102260241431306  1.2187945241673694  0.0000000031500981
  9.4600000000000009 -0.8977806928329475  1.2701878432612739  0.0000000031883686
  9.4700000000000006 -0.8848239934570552  1.3210632878524560  0.0000000032249277
  9.4800000000000004 -0.8713612514165733  1.3713914105101599  0.0000000032593876
  9.4900000000000002 -0.8573980900563296  1.4211420718598253  0.0000000032913623
  9.5000000000000000 -0.8429404375178801  1.4702844547065379  0.0000000033204689
  9.5099999999999998 -0.8279945334258575  1.5187870832690560  0.0000000033463332
  9.5199999999999996 -0.8125669353558744  1.5666178476552228  0.0000000033685934
  9.5299999999999994 -0.7966645250309988  1.6137440336881914  0.0000000033869045
  9.5400000000000009 -0.7802945141928469  1.6601323581688521  0.0000000034009429
  9.5500000000000007 -0.7634644500926145  1.7057490096331449  0.0000000034104106
  9.5600000000000005 -0.7461822205469255  1.7505596946335742  0.0000000034150414
  9.5700000000000003 -0.7284560585032409  1.7945296895422838  0.0000000034146047
  9.5800000000000001 -0.7102945460597696  1.8376238978385975  0.0000000034089103
  9.5899999999999999 -0.6917066178853725  1.8798069128071386  0.0000000033978143
  9.5999999999999996 -0.6727015639858861  1.9210430855337113  0.0000000033812215
  9.6099999999999994 -0.6532890317646216  1.9612965980453039  0.0000000033590911
  9.6200000000000010 -0.6334790273265414  2.0005315413981717  0.0000000033314400
  9.6300000000000008 -0.6132819159777949  2.0387119984743198  0.0000000032983446
  9.6400000000000006 -0.5927084218749132  2.0758021312022428  0.0000000032599458
  9.6500000000000004 -0.5717696267810263  2.1117662718729489  0.0000000032164481
  9.6600000000000001 -0.5504769678899827  2.1465690181775758  0.0000000031681221
  9.6699999999999999 -0.5288422346832079  2.1801753315488535  0.0000000031153040
  9.6799999999999997 -0.5068775647885297  2.2125506383458395  0.0000000030583940
  9.6899999999999995 -0.4845954388150143  2.2436609333803337  0.0000000029978551
  9.7000000000000011 -0.4620086741430646  2.2734728852447965  0.0000000029342101
  9.7100000000000009 -0.4391304176546174  2.3019539428660560  0.0000000028680367
  9.7200000000000006 -0.4159741373941940  2.3290724426771927  0.0000000027999615
  9.7300000000000004 -0.3925536131577775  2.3547977157723738  0.0000000027306557
  9.7400000000000002 -0.3688829260129613  2.3791001943865959  0.0000000026608261
  9.7500000000000000 -0.3449764467604842  2.4019515170248558  0.0000000025912081
  9.7599999999999998 -0.3208488233540865  2.4233246315536623  0.0000000025225556
  9.7699999999999996 -0.2965149673025242  2.4431938955624561  0.0000000024556317
  9.7799999999999994 -0.2719900390845019  2.4615351733037629  0.0000000023911988
  9.7900000000000009 -0.2472894326141616  2.4783259285290291  0.0000000023300076
  9.8000000000000007 -0.2224287588015269  2.4935453125522296  0.0000000022727857
  9.8100000000000005 -0.1974238282588725  2.5071742468955915  0.0000000022202291
  9.8200000000000003 -0.1722906332103096  2.5191954999010742  0.0000000021729903
  9.8300000000000001 -0.1470453286678614  2.5295937567274414  0.0000000021316672
  9.8399999999999999 -0.1217042129428984  2.5383556821956197  0.0000000020967963
  9.8499999999999996 -0.0962837075669352  2.5454699759941417  0.0000000020688415
  9.8599999999999994 -0.0708003367004024  2.5509274198113880  0.0000000020481902
  9.8700000000000010 -0.0452707061120429  2.5547209160214654  0.0000000020351422
  9.8800000000000008 -0.0197114818149950  2.5568455176152249  0.0000000020299090
  9.8900000000000006  0.0058606315516305  2.5572984491363933  0.0000000020326084
  9.9000000000000004  0.0314289125048280  2.5560791184542255  0.0000000020432623
  9.9100000000000001  0.0569766445712561  2.5531891192776279  0.0000000020617970
  9.9199999999999999  0.0824871381195295  2.5486322243904285  0.0000000020880440
  9.9299999999999997  0.1079437520786659  2.5424143696624593  0.0000000021217428
  9.9399999999999995  0.1333299154510299  2.5345436289654080  0.0000000021625448
  9.9500000000000011  0.1586291485297694  2.5250301801950901  0.0000000022100188
  9.9600000000000009  0.1838250837331114  2.5138862626719662  0.0000000022636581
  9.9700000000000006  0.2089014859709385  2.5011261262585660  0.0000000023228884
  9.9800000000000004  0.2338422724627716  2.4867659725951352  0.0000000023870766
  9.9900000000000002  0.2586315319305907  2.4708238889126539  0.0000000024555401
 10.0000000000000000  0.2832535430947840  2.4533197749346809  0.0000000025275585
